epoch       	ep_ret      	ep_tx       	newbytes    	ep_delay   	ep_delay_normal   	ep_throu   
0	14.17803732340558	384206125.83048964	406674177.4629599	0.0	0	366407.514410486
1	11.21744647580772	383792072.686983	459315166.1489689	0.0	0	366012.64256189635
2	17.995796072260358	406336215.18646425	502109765.26307696	0.0	0	387512.41224905424
3	12.303850020408778	386871090.2981998	430090235.7048229	0.0	0	368949.0225774765
4	12.212255791993227	400810804.85449404	426701766.81309927	0.0	0	382242.9703278483
5	13.374150155757615	396062607.282294	495668217.3008934	0.0	0	377714.73625401885
6	13.192918265146675	401191684.4832051	433809512.81875545	0.0	0	382606.2054473923
7	7.6551939639259965	365606276.97925025	398995999.27101153	0.0	0	348669.31627202046
8	19.121015955660273	382895892.393109	463865266.7822535	0.0	0	365157.97843275924
9	13.668011503036205	378739464.69218487	471360756.73721635	0.0	0	361194.10008638847
10	9.118721952271692	364666562.83932936	462671108.3663712	0.0	0	347773.13503201416
11	13.486374753262018	387240306.20104635	487274187.79609466	0.0	0	369301.1343012297
12	8.8014465756174	402084180.3204358	372994653.4640668	0.0	0	383457.35580485873
13	8.017262230255177	358949589.6509085	350909050.83078766	0.0	0	342321.00453463424
14	14.66789155543631	405467804.6967469	473674256.35580903	0.0	0	386684.23146891297
15	13.008934434063864	399132599.6985893	470126810.6830257	0.0	0	380642.50917300157
16	14.475342921303012	378276736.21609783	503473108.28671306	0.0	0	360752.80782327446
17	16.26638032966419	410400989.6819502	487850793.87999487	0.0	0	391388.8832873823
18	20.276325583757977	375414951.81103486	449283097.5746026	0.0	0	358023.59753707406
19	14.348800579031789	379946202.42530555	406021777.7357329	0.0	0	362344.9348691038
20	20.814070804240988	402000227.8216979	465453358.43127567	0.0	0	383377.2924630146
21	18.65831016876688	413550472.40657336	438787695.3173569	0.0	0	394392.46407182066
22	11.549091469211659	378451257.20718473	482003229.00964075	0.0	0	360919.2440101477
23	22.25243720074274	384444834.54326594	425860621.92994136	0.0	0	366635.16477896326
24	26.292218279476103	425665056.8787685	432392726.6885911	0.0	0	405945.8321368872
25	21.78924719635166	398481485.8643712	465024151.90625775	0.0	0	380021.55863225093
26	20.198078159954147	453383148.31456476	389242579.5918821	0.0	0	432379.8640390058
27	16.714374547976544	434388572.8599324	497502564.5344871	0.0	0	414265.2252768825
28	17.12722734421161	403203098.0477052	442677773.5023217	0.0	0	384524.4389035275
29	22.76756810989319	446124628.39135367	407511578.61541307	0.0	0	425457.6000131165
30	23.314870758074605	421534084.69616985	475207126.60700274	0.0	0	402006.230064554
31	17.348987391895037	378187379.06431425	438640744.44017845	0.0	0	360667.59020263114
32	21.568273916765555	433449073.70295084	453816568.7251217	0.0	0	413369.2490605839
33	22.349264653105692	418457362.01901156	429487986.7039889	0.0	0	399072.0386686437
34	24.730733241177195	439602486.5656444	456204602.27598906	0.0	0	419237.6008659786
35	13.93488314876119	424385394.25707984	413297207.49534726	0.0	0	404725.4507609175
36	25.784744917088357	442617109.5884281	444220675.93008286	0.0	0	422112.5694164544
37	20.35574462060324	424293297.74896914	475621932.193047	0.0	0	404637.62068650173
38	21.280464265371677	425501490.1253382	446113149.6792721	0.0	0	405789.8427251227
39	22.980053176086532	335950561.73264897	449067335.5979142	0.0	0	320387.42230667983
40	21.06888900088432	395484303.6173216	486356766.81711555	0.0	0	377163.22290165105
41	37.3466937195031	485085647.2588882	545632288.4849377	0.0	0	462613.7230481035
42	20.478202054823218	377133549.5652109	426064372.7933584	0.0	0	359662.5800754649
43	21.86149660810453	410783542.94626933	453756075.78179765	0.0	0	391753.7145102208
44	30.455998881097745	449016070.90587217	459896592.7760772	0.0	0	428215.09447657794
45	29.434947243572886	431670249.70022976	427566631.04189104	0.0	0	411672.8302957819
46	21.323142512361688	391044160.98247707	498764192.47693616	0.0	0	372928.7729096193
47	22.561031200404063	428063923.89534116	484501222.0974162	0.0	0	408233.56999906653
48	18.113727239717086	432484453.4942475	418316300.0408269	0.0	0	412449.3155424572
49	23.14133996914916	446578554.01711476	462735611.02776927	0.0	0	425890.49722396355
50	19.348520040801656	380078982.4470102	496454537.2216969	0.0	0	362471.5637655356
51	29.06368651078499	445574167.7437981	446633356.3013205	0.0	0	424932.63983135024
52	29.996376959322056	470171823.6952438	509233066.64356834	0.0	0	448390.7925560414
53	18.908426670291597	404512203.1008287	410509950.72095263	0.0	0	385772.89877016906
54	21.79057566267431	407310648.6246034	422080038.59172183	0.0	0	388441.70439205476
55	17.466658193952615	423344912.3538961	454973190.8665205	0.0	0	403733.1698931656
56	30.20380141832076	438763800.9944487	550465277.8842224	0.0	0	418437.76797718863
57	23.13222150609904	425000819.2753635	482621651.25230366	0.0	0	405312.36579452845
58	29.630091910938397	428844255.8270073	428373820.1874254	0.0	0	408977.7525205682
59	26.71254080604794	439849767.4959216	483542462.7230914	0.0	0	419473.42633812095
60	35.46138112638127	459884845.45324814	469891343.84207475	0.0	0	438580.3656132204
61	26.290675182663545	427753623.636047	431247638.7455654	0.0	0	407937.6446114035
62	29.8029558683708	431884876.7553775	473600854.75479805	0.0	0	411877.51460588205
63	19.634552728944467	463073224.7863314	486277534.8389717	0.0	0	441621.0410941422
64	26.229558727088577	451395908.6081608	476507124.5173914	0.0	0	430484.68457046594
65	31.236096456583706	417374228.25350255	444649329.6757645	0.0	0	398039.08181524527
66	30.167941107938653	424645829.1684311	405232518.4170457	0.0	0	404973.8208469686
67	31.26921277679279	438929973.6031232	463099221.9677439	0.0	0	418596.24252617185
68	31.201378659547764	391584685.1817709	429382450.0332158	0.0	0	373444.2569558819
69	34.14172585776904	489883375.55373424	496078236.8075956	0.0	0	467189.19329999364
70	29.511699100559483	458939913.2534267	492820300.41020346	0.0	0	437679.2080435054
71	31.30311926368434	444372543.2148698	496348173.32404554	0.0	0	423786.68138014764
72	26.27464570267157	340157652.4187829	477069935.98477656	0.0	0	324399.6166408376
73	21.134933369425294	431840243.03040016	502150944.92519826	0.0	0	411834.9485687258
74	33.45876618645782	436269365.8431098	513724399.2915186	0.0	0	416058.88923941576
75	29.408679637395952	400176190.9987915	468650800.56735396	0.0	0	381637.75539282954
76	38.42651933688672	513620425.283064	512610224.3337437	0.0	0	489826.6079741135
77	30.351385687386294	459999571.74762434	478193279.5383774	0.0	0	438689.77713358344
78	29.223108149552903	421680827.89218515	498272273.5718093	0.0	0	402146.1752817012
79	31.703109314252035	425475370.2003825	454890484.1373806	0.0	0	405764.93282354577
80	26.47087763949356	384768584.97191817	466014502.2176361	0.0	0	366943.91724769416
81	42.60807512784517	503865850.62224627	555108348.9235121	0.0	0	480523.92065262445
82	32.80366955484164	459025779.10168684	517094649.28923655	0.0	0	437761.09609764727
83	37.653595416653	456404904.5675365	562164064.9325745	0.0	0	435261.63536790514
84	43.59407807188239	533188444.8991901	564017039.8485821	0.0	0	508488.1257049467
85	28.615349451469104	386234019.22470504	500160833.24773175	0.0	0	368341.464256959
86	28.493075374946052	428277175.6218479	471733193.01621777	0.0	0	408436.9426935652
87	35.118850223889204	493902695.462619	466287235.79499054	0.0	0	471022.31546651747
88	28.805207910631474	441078743.2249502	507353722.0917554	0.0	0	420645.4689263822
89	30.580393185851328	428027924.47761697	566893456.8620807	0.0	0	408199.2382789772
90	29.568197262011306	395924850.1777189	473427732.1357341	0.0	0	377583.3608414832
91	38.08684854281235	476097058.77952087	537789575.7385817	0.0	0	454041.53707458585
92	40.87494703602214	518000623.7157804	533647657.27568376	0.0	0	494003.890720158
93	40.41514566407168	486822649.6686407	523180465.9788458	0.0	0	464270.25763382
94	33.07496201645869	385957706.5477972	470343654.29204464	0.0	0	368077.9519536945
95	33.38665425961052	398957457.20697695	524159487.64269394	0.0	0	380475.48027703934
96	34.23640224332454	438117133.23062277	576135782.4384681	0.0	0	417821.05753958
97	31.82191436459316	384056440.03359854	486187726.1010395	0.0	0	366264.76291045995
98	26.447748293709797	327404687.4495659	476153978.0195801	0.0	0	312237.44149166683
99	40.46835449822005	502360164.55919933	440170345.71164066	0.0	0	479087.9865257257
100	23.603046343214146	377160206.4306774	480541464.3313441	0.0	0	359688.0020434164
101	35.58619373600748	411975489.2278937	476778736.021687	0.0	0	392890.4430655419
102	33.4336528331145	427457287.24839216	433789306.7471939	0.0	0	407655.03620948043
103	40.8786403507636	482875454.26820207	513713238.5577207	0.0	0	460505.91875858494
104	42.291263562515695	488272607.09693253	582421853.0215566	0.0	0	465653.0447930646
105	35.065606955179334	418393352.7067948	516594557.9553278	0.0	0	399010.9946315716
106	38.083262155222826	470740491.9239524	498192103.84133744	0.0	0	448933.1168403172
107	35.326762112984554	409944243.09200054	525006932.30224574	0.0	0	390953.29579544126
108	43.26324317837825	516946249.28380007	490039415.9568199	0.0	0	492998.36090450303
109	44.183696188814245	496993202.7723193	497207771.3569453	0.0	0	473969.65291244455
110	39.59211846471694	459721519.001548	569967772.9246839	0.0	0	438424.60537104413
111	38.81310423063911	448733739.8641187	533790872.5778628	0.0	0	427945.84261333337
112	36.601828523249914	413098664.8615136	532956616.85854614	0.0	0	393961.5868201386
113	38.82261891875336	456122220.5267956	522155719.44260734	0.0	0	434992.04685859266
114	40.773139252381554	459506632.9412426	520433087.1419581	0.0	0	438219.6740543771
115	38.27999200601213	437716328.7459147	500771916.2830532	0.0	0	417438.82059661375
116	40.58559700583385	463119713.005034	490212056.88529885	0.0	0	441665.3757143346
117	44.006488497981834	485739632.53985924	510161107.3911958	0.0	0	463237.4120138734
118	29.01568179986694	391408274.5080085	485539621.0489724	0.0	0	373276.0186271747
119	34.933064733183755	404172274.8365905	545574298.7006828	0.0	0	385448.7179151445
120	35.76735977924867	410022066.6886799	521651961.05410755	0.0	0	391027.5141608048
121	38.76656932633189	449585724.1826983	558528142.5156772	0.0	0	428758.3581759437
122	37.04476275112412	422765184.46072763	511289079.51963633	0.0	0	403180.29829094664
123	41.88694896115099	488015458.3342565	431887539.843951	0.0	0	465407.8086226047
124	39.01287534760162	456919104.0749088	584412286.7551126	0.0	0	435752.01423159515
125	41.422811290437	508473995.3735714	481400838.96928155	0.0	0	484918.58994824544
126	36.51106642396029	427977462.76851046	530908732.9858725	0.0	0	408151.11424304027
127	39.09384642545493	468961964.51696014	475558293.86444086	0.0	0	447236.98093124415
128	32.914206529429826	398521041.7583693	471696577.0900104	0.0	0	380059.28207241965
129	39.262486911868486	457174226.802597	508047548.3319371	0.0	0	435995.3182245226
130	31.21313865490433	453916532.2343771	469646366.3258532	0.0	0	432888.5385841152
131	35.83488411043111	440116659.1531103	522043271.1991422	0.0	0	419727.954056845
132	36.100930614268705	429213713.7961321	529971784.93737173	0.0	0	409330.09509671415
133	33.35282898392533	389586616.0060609	535696499.63215643	0.0	0	371538.74970060436
134	35.92753586772102	430776697.0462235	463500834.61120933	0.0	0	410820.67207929963
135	35.93030448453414	417379241.48295605	485466353.7633369	0.0	0	398043.86280341726
136	37.371888422649384	436965410.57430136	463484494.5841687	0.0	0	416722.68922262307
137	40.202933709767535	516081323.2621934	512684100.7448452	0.0	0	492173.5031721053
138	20.068149707491227	328370734.9736445	547726385.1270692	0.0	0	313158.73620380834
139	24.7265992956171	407361926.48513037	474964367.2141724	0.0	0	388490.60677063983
140	33.66548364293812	391605359.0816301	503265679.7226848	0.0	0	373463.9731231977
141	27.982358347256422	434194051.9179642	499148528.63686943	0.0	0	414079.71565052413
142	16.954334794594217	385729073.9129451	418249952.38425124	0.0	0	367859.91088194365
143	29.50921658986301	451390761.7713117	491164128.2732791	0.0	0	430479.776164352
144	20.54710074112494	400794062.3096232	426721478.1667567	0.0	0	382227.00339281396
145	29.716795307063315	460595101.5189629	463691046.8010108	0.0	0	439257.7185811642
146	32.809156925096374	473381086.39820063	517064194.46033186	0.0	0	451451.383970452
147	30.781530977178306	458005520.6110903	525192461.10778844	0.0	0	436788.1017790703
148	34.71075879153996	430739102.5223092	501713968.6485686	0.0	0	410784.8191474047
149	23.681769435703114	426533302.2813975	482811644.83053446	0.0	0	406773.8554777122
150	39.0525896706071	470959235.4551145	467659393.9471789	0.0	0	449141.7269278665
151	40.245500454561295	476383850.60953087	506729795.9068429	0.0	0	454315.04307702143
152	23.34462611175054	441825046.9281941	473187440.46436435	0.0	0	421357.199600405
153	43.746596165906894	521592540.7572983	519123490.2111315	0.0	0	497429.40974931547
154	33.04968228291934	399718669.73097163	567649209.2229813	0.0	0	381201.4291104999
155	41.476273202369406	515791380.81827563	505483751.1145725	0.0	0	491896.99251010467
156	42.33458412461566	514286624.5573947	498902681.8153121	0.0	0	490461.94511165115
157	32.483306706696126	441480138.8212922	477264872.77114207	0.0	0	421028.2695973321
158	31.160891933500473	379465972.9417805	580111910.5945312	0.0	0	361886.95234468527
159	34.132481526159836	412751207.690772	499878027.6461238	0.0	0	393630.22584035125
160	33.554233871009394	395595865.20264393	438521172.8237081	0.0	0	377269.61632027046
161	35.126815052820206	431503076.33838373	517449129.98930097	0.0	0	411513.4013542019
162	34.11639243777543	444645140.21664405	470946905.98947364	0.0	0	424046.65013946913
163	41.28787830793935	470233757.7631255	502887367.0095555	0.0	0	448449.85748589097
164	38.65004857542285	472253021.3205843	507674812.7823154	0.0	0	450375.57727869425
165	35.33913591370016	467083430.6063299	436008311.3976451	0.0	0	445445.4713881778
166	24.479255745806274	343885157.9966451	506404623.34507793	0.0	0	327954.44297470583
167	46.289720961611884	532866720.85365415	582048193.9840602	0.0	0	508181.30574574857
168	42.32512859912362	473988879.063159	437815678.21843815	0.0	0	452031.02022472303
169	28.428835389164323	331945689.056107	480626724.35403246	0.0	0	316568.07809458446
170	45.83129284617541	517721561.0358899	486338111.3005925	0.0	0	493737.7558096789
171	38.26512410583476	447960037.98119444	555425768.838011	0.0	0	427207.9829990333
172	34.04640686495628	403176080.83832395	527090817.45392317	0.0	0	384498.6732848395
173	37.42365483320259	445145488.3227857	529178796.41564703	0.0	0	424523.8192775589
174	46.01116196650719	522673406.06705326	541178231.1250836	0.0	0	498460.20323472336
175	37.716562484418276	460732218.7663728	556794140.6213303	0.0	0	439388.4837783553
176	43.26846382491172	499669794.14647645	584743684.4687291	0.0	0	476522.2493614926
177	45.3992477563848	521020257.33484495	525151686.621014	0.0	0	496883.63774761686
178	45.8111420072855	502222056.42082906	480607018.39860684	0.0	0	478956.2763412753
179	44.87356021490751	508302792.8593869	551102818.7960228	0.0	0	484755.31850756356
180	40.07656638007773	454511351.8063264	524651420.31945527	0.0	0	433455.80273277883
181	32.8559257104064	381810542.1890066	488963870.47114635	0.0	0	364122.9078188006
182	41.055399573529876	469399393.83135533	471742023.8837377	0.0	0	447654.146033626
183	37.52803183562874	439010597.97257113	512372465.83939636	0.0	0	418673.1319165906
184	40.48306479887594	481134918.85675216	458032898.6339599	0.0	0	458846.0148398893
185	42.379045367254726	490411194.5924663	471740037.1134687	0.0	0	467692.5607609425
186	32.61877698645572	404472813.82988375	474712755.6523848	0.0	0	385735.3342341266
187	45.01908868513311	514086531.2262443	513865656.436123	0.0	0	490271.12124084885
188	37.88118473589843	428601507.1472632	512898494.01290846	0.0	0	408746.24933935486
189	40.71462989803146	484092520.5667761	537128660.0491897	0.0	0	461666.6036288986
190	41.652845759155106	465160076.8061288	523195997.03903544	0.0	0	443611.21826756373
191	36.564803002525124	446174866.722427	504741732.56515527	0.0	0	425505.5110191604
192	44.4396757271312	486232411.2121588	439818323.75772554	0.0	0	463707.3623773184
193	27.012557390332596	317734234.7692367	585890980.7515849	0.0	0	303014.97914241464
194	42.381516698372785	487496285.92176646	476717746.7584592	0.0	0	464912.6872270264
195	40.06991328520124	448425494.6782833	498972729.44121	0.0	0	427651.8770964462
196	31.85315199234573	369136167.16063535	536107126.74064195	0.0	0	352035.6818777422
197	30.39749516336809	353804117.9053608	509103193.5911712	0.0	0	337413.9002851113
198	30.845315097988085	365603499.92622864	413487001.1766298	0.0	0	348666.6678678785
199	31.881793120237912	353350958.14772755	499845857.02655774	0.0	0	336981.7334630275
200	35.917820689235946	425691158.1609315	526649791.608757	0.0	0	405970.7242593111
201	40.10288459664684	495557386.18930995	485531832.74949074	0.0	0	472600.35151415825
202	43.11626558045988	485148863.50315344	428220075.0803375	0.0	0	462674.01075663883
203	35.167964695960165	416287813.93726534	538095583.6711421	0.0	0	397002.9963848737
204	40.361860733705754	452621728.13678324	573996340.6864718	0.0	0	431653.7171714624
205	42.25581096359324	497626771.21569806	529764514.5307097	0.0	0	474573.87086458015
206	42.875806849909004	499491865.7912791	549178324.8144286	0.0	0	476352.5636589803
207	46.06242839340565	526216076.05201423	515489100.68320554	0.0	0	501838.756610884
208	41.44251859345224	475514811.14416784	428722542.7684967	0.0	0	453486.2624589613
209	32.429152108694105	377462513.0583416	516526226.36896217	0.0	0	359976.3041098991
210	38.323597853868534	471269650.3909718	513187554.1938373	0.0	0	449437.7616796223
211	42.76438960868446	504335337.97896963	532167841.24979997	0.0	0	480971.6586866092
212	45.424957344904946	522388196.81476223	565306969.3119206	0.0	0	498188.2064960119
213	40.11000232321711	469536263.18655044	470420884.55619556	0.0	0	447784.6748223785
214	47.762227047855916	537826538.6081909	531993959.4675944	0.0	0	512911.35655230616
215	33.12683249866754	411861701.7259191	591885814.41346	0.0	0	392781.9268473809
216	35.85426553140414	402797237.2161686	514588160.64486146	0.0	0	384137.37985245587
217	35.87251335167975	428571962.4899468	467142524.00433874	0.0	0	408718.07335848507
218	42.305563475691656	508957451.52928	507990437.5033021	0.0	0	485379.6496670534
219	40.71994194065637	462103952.702623	521459116.40726244	0.0	0	440696.6712022997
220	34.24539297209128	391534863.5317438	476638529.09331906	0.0	0	373396.7433278502
221	40.07524020937951	464109893.28996235	516074901.74616057	0.0	0	442609.6852206824
222	44.502102060946974	517302820.1237884	528329278.06849194	0.0	0	493338.41335657926
223	36.65717013808388	428352803.8359553	561226450.2952182	0.0	0	408509.0673789551
224	35.01572912561072	411174122.3507447	554401196.4262867	0.0	0	392126.2000567862
225	44.413030267769166	522993843.999634	531690241.51330954	0.0	0	498765.79666102777
226	30.499824891054182	348830708.3105339	549636015.6069529	0.0	0	332670.8872895565
227	38.911306276167224	440083419.332552	486318967.87924254	0.0	0	419696.2540936966
228	44.815823007963026	511360084.08388424	503155998.4588439	0.0	0	487670.9786261407
229	32.835862005282976	374220516.74851674	445690625.69384915	0.0	0	356884.4954953352
230	43.35317283251736	534836643.124125	468943977.5294413	0.0	0	510059.97002041334
231	35.337726921272846	405231891.5765604	461439525.009666	0.0	0	386459.247185288
232	39.07669312766353	454109948.96494687	541919551.5246434	0.0	0	433072.99515242263
233	41.29999098429716	475819862.1710803	475096177.8298828	0.0	0	453777.1817885211
234	43.24350377394881	497130897.1406816	561041831.8892666	0.0	0	474100.96849506535
235	43.32814420823752	506150463.6307302	498808272.8917458	0.0	0	482702.6974017432
236	42.7423250979303	475792430.85687816	496046058.6973591	0.0	0	453751.0212487012
237	39.53425403174509	472126092.5916616	527861202.6748562	0.0	0	450254.52860990673
238	43.862442807236405	494296059.50488484	449317122.7799512	0.0	0	471397.4566506241
239	44.81353693780939	509245854.2051482	515788662.1082893	0.0	0	485654.6918918116
240	40.137915721148474	451164689.04995054	517723182.3706153	0.0	0	430264.1764163501
241	35.99962740723191	430844690.23524106	509115291.9358547	0.0	0	410885.5154373559
242	42.24627057960613	512916226.2261696	540810751.7816315	0.0	0	489155.0314199157
243	30.65894789145457	361225960.462514	517733682.1567296	0.0	0	344491.92091227905
244	40.68534213016859	467822965.655559	529938754.5887444	0.0	0	446150.7469707097
245	38.53566396155344	453008676.79342496	519232851.7308879	0.0	0	432022.7401670693
246	38.735438537730445	445078841.502972	470251970.493216	0.0	0	424460.25991723256
247	38.54340767072943	437813154.5763928	534469511.11699224	0.0	0	417531.16090430535
248	35.31823798261609	410522322.96937394	577410420.3897489	0.0	0	391504.5957273234
249	42.861743085536176	535351946.02070224	544627038.696498	0.0	0	510551.4011580487
250	35.91342754018174	427423462.7659392	472729071.73873836	0.0	0	407622.7786692993
251	38.604720656937296	440174827.5741291	473625950.5933778	0.0	0	419783.42778599646
252	37.166026873094715	416683190.65864176	503924034.60331225	0.0	0	397380.0570093552
253	45.0387061102476	494876049.8614764	427736975.1188058	0.0	0	471950.5785574689
254	35.89216868102793	394916989.3977873	477236552.6490796	0.0	0	376622.18990114896
255	45.52136324153788	535644381.4032624	501973748.99052054	0.0	0	510830.28927160474
256	44.52885260344718	516936370.9911753	512326887.10300225	0.0	0	492988.9402305367
257	34.44595498892579	387541761.3425257	474929431.8567856	0.0	0	369588.6243272073
258	45.85093975855373	532307605.0617707	536019597.93702614	0.0	0	507648.0913751324
259	44.47303498845382	488312878.5926669	503396193.77920383	0.0	0	465691.4506842299
260	39.80515758112231	453984168.43344074	481786026.27685785	0.0	0	432953.0414900214
261	43.35238787009378	496739065.66504997	455210072.2120395	0.0	0	473727.28888039605
262	37.40045611090349	428447980.2526097	565601575.8593038	0.0	0	408599.8346830459
263	45.06468881126948	528796980.77335894	487642016.3480768	0.0	0	504300.09915672214
264	41.38776346439141	477945515.5863762	459609806.5231122	0.0	0	455804.36285627
265	38.78884614526492	431833603.8780406	470476457.8784991	0.0	0	411828.61697963777
266	44.49705890621807	495551258.20786756	520475291.37667775	0.0	0	472594.50741564494
267	39.73369121321793	453565820.5629653	540296865.4641399	0.0	0	432554.0738706258
268	36.96492862707135	419100953.760232	498580802.5870587	0.0	0	399685.8155824967
269	36.81385932215231	412066560.4653475	510289643.10050946	0.0	0	392977.29536566505
270	44.68708822105173	541102590.9561497	549451615.0389225	0.0	0	516035.6435357568
271	38.59388050303148	419250337.17006576	491235200.32818234	0.0	0	399828.2787037522
272	43.9297063418238	530028270.8623152	553315675.648034	0.0	0	505474.3488906052
273	35.21352353099139	399779224.32279027	518106950.4338322	0.0	0	381259.178469458
274	37.38038247680934	424740557.8368157	540509292.929035	0.0	0	405064.1611450346
275	46.018846018615434	526599666.5609859	559853641.5026225	0.0	0	502204.57702730753
276	39.63055581248053	457391928.9328461	462634647.7125528	0.0	0	436202.9351547682
277	41.81890156768339	482218764.4625144	462420762.75214946	0.0	0	459879.65055705485
278	38.996382679385675	444729440.1619285	450231462.7367612	0.0	0	424127.04483216134
279	45.22688804338344	516524298.57590353	470874644.4013824	0.0	0	492595.95735159266
280	46.699777963636045	518866087.2886555	514689698.22802293	0.0	0	494829.2611013942
281	46.005462741583806	541362784.2112178	486817422.3452773	0.0	0	516283.78316041746
282	39.43926940112476	480373311.67525595	438299885.5425582	0.0	0	458119.68963170616
283	40.61030688831083	495186589.567412	535108876.5534827	0.0	0	472246.73229924403
284	36.149310770919776	412681790.04823613	560444546.0946829	0.0	0	393564.02401755913
285	35.81990423456522	425018376.6212453	553623966.2592496	0.0	0	405329.10978436016
286	36.00896763051626	424796833.3536656	534194030.451374	0.0	0	405117.82966009685
287	31.408292216816033	353988540.4400379	484354893.8791041	0.0	0	337589.7793197993
288	40.506666725431415	471945721.1595025	525518930.4200452	0.0	0	450082.51300764305
289	33.36285696920141	384674474.9727485	449811528.32254446	0.0	0	366854.1669585694
290	36.2919395783106	419676004.8407911	511794754.7982442	0.0	0	400234.2270286474
291	35.60352061843334	408998767.5527623	523794941.29582024	0.0	0	390051.62005687936
292	42.25154350183553	457436200.2190705	398674624.5437598	0.0	0	436245.15554339444
293	44.85517010095735	529620423.827489	493984599.6934137	0.0	0	505085.39564846916
294	40.93391597990499	449520578.5637161	517570453.09712005	0.0	0	428696.23047229415
295	39.18480816718229	451845646.5451075	540746157.5165195	0.0	0	430913.5880900452
296	40.356402664381235	468233825.53319913	501392516.02217424	0.0	0	446542.573483657
297	32.156855267401696	379227028.732662	535362148.0878189	0.0	0	361659.07738939486
298	37.68138750112022	467543783.1044982	520719504.3243142	0.0	0	445884.49774217425
299	38.8171157928936	449408588.0547709	508626466.8105619	0.0	0	428589.4280002317
300	42.15450302256012	480468670.3613365	532644754.47459704	0.0	0	458210.6307614677
301	40.53966726764639	488329447.3567815	457087798.72973543	0.0	0	465707.2518890204
302	35.92422235469162	410487310.45394355	519616217.3866802	0.0	0	391471.2051906049
303	29.6576951955773	346592234.0141417	496222702.8645649	0.0	0	330536.11184515164
304	31.310213051271127	351208977.0939438	501068162.65209806	0.0	0	334938.9811458051
305	41.827055747477516	541676343.1921377	586154658.824509	0.0	0	516582.8163071992
306	34.407154972109815	387089436.8208411	492249464.00622326	0.0	0	369157.2540481961
307	41.921934509551704	497119623.7378988	526799660.99147165	0.0	0	474090.2173403728
308	45.54974055568005	510853695.24274415	508665577.07791185	0.0	0	487188.0485942308
309	25.243733033300828	299874987.08825016	482231406.21817726	0.0	0	285983.07331872004
310	36.27331340761778	448397545.1899621	489197044.79791784	0.0	0	427625.2223872778
311	47.57778495447396	519931388.25083274	462703693.1913257	0.0	0	495845.2112682656
312	40.713863370545354	481161581.6105166	540625188.9813812	0.0	0	458871.44242335943
313	41.695829389683325	481056444.7861815	425771060.90333974	0.0	0	458771.1761342825
314	36.77889603035658	453521933.3969961	426612888.6701837	0.0	0	432512.219807621
315	43.63158187558731	504698914.8980998	519075828.09033763	0.0	0	481318.39265642146
316	39.9545102493571	457643767.8879813	513612655.9409856	0.0	0	436443.1074981511
317	42.95121691618286	485194850.2972239	472993778.30858386	0.0	0	462717.8671810378
318	44.45520341378953	517416434.9990938	546436352.9563577	0.0	0	493446.7649451196
319	38.15132102428211	435568943.01859266	484198169.584214	0.0	0	415390.91398104915
320	36.85498971312533	418078470.1905101	569421086.3528552	0.0	0	398710.6992631056
321	45.853676762206184	531582048.2930162	549044633.1459496	0.0	0	506956.14651967643
322	44.84686474355227	503539299.05499846	442918224.1547662	0.0	0	480212.49680995796
323	44.08979156224783	503629743.7429419	543677775.8192884	0.0	0	480298.7515859049
324	41.40582443920904	503784005.6563081	599380483.9149184	0.0	0	480445.86721068213
325	37.80504256128482	445284255.94628614	578614216.938862	0.0	0	424656.15839604
326	35.54960388922905	395261234.51832724	468113617.3264778	0.0	0	376950.4876311563
327	36.06513214462026	418698163.56731975	541265027.7650715	0.0	0	399301.68492061587
328	40.54574020552242	462705487.3754863	435610472.8839811	0.0	0	441270.3393702377
329	38.56469429200659	446191689.15363437	573085618.7121992	0.0	0	425521.5541397424
330	48.8674847214291	543225397.8029412	525053962.47389215	0.0	0	518060.10990423313
331	44.9755077247998	521879682.8121599	545536051.095567	0.0	0	497703.24975219736
332	44.514972661018696	521573217.9348032	521198753.1393614	0.0	0	497410.98206978146
333	31.896687415206923	364662872.8275115	410740944.6528224	0.0	0	347769.6159625162
334	48.68858252087162	537041296.8535534	532243869.4179809	0.0	0	512162.4916587384
335	35.97141025757747	417602773.8851344	555065094.0909368	0.0	0	398257.03991425934
336	41.74151359836368	512282843.1352731	442652080.7902842	0.0	0	488550.990233682
337	38.519510274326166	428113052.78292996	474920764.18983656	0.0	0	408280.42295735324
338	45.262194874765605	531890473.40871114	585293922.4395008	0.0	0	507250.2836310491
339	45.600790654402324	515018279.7128364	560380913.9671028	0.0	0	491159.70584186213
340	43.227378702216846	486221388.2769552	493311895.92291766	0.0	0	463696.85008712334
341	37.77049270117724	433414571.0604991	550233859.648923	0.0	0	413336.3447766297
342	43.78710894657702	506942859.75262696	519838510.08056337	0.0	0	483458.3852316158
343	40.20351687005435	475867620.2547788	489803927.2579208	0.0	0	453822.7274463455
344	46.716711333398145	512362729.91619945	501133815.6565451	0.0	0	488627.17620487156
345	47.20046921709972	511919726.9462926	472379755.0867755	0.0	0	488204.6956503799
346	33.832050956339536	458748343.87838036	519791299.70165175	0.0	0	437496.5132507136
347	36.00400764748703	408792126.94627625	378320291.25648665	0.0	0	389854.55221774685
348	34.03156508822295	403061749.8614481	539181997.8719165	0.0	0	384389.6387686236
349	44.06168577573524	514859125.6598358	481279388.5949958	0.0	0	491007.92470916343
350	42.31134468480525	469056722.9537015	459693957.32781446	0.0	0	447327.3496186269
351	35.579580273345684	425658431.5536222	513648314.44652903	0.0	0	405939.51373445726
352	35.179013182428015	471880807.8443311	458280876.8474593	0.0	0	450020.60684617126
353	33.6881896948922	442172429.903474	469892154.3538529	0.0	0	421688.4898218858
354	41.82836735361623	488575984.6659797	534849546.5722285	0.0	0	465942.3681888387
355	37.89243574962603	495451766.71394485	524927829.74192226	0.0	0	472499.6249331902
356	38.89054350660356	489376650.85096186	458813494.7316103	0.0	0	466705.94296547107
357	44.37330383954939	506752389.0813998	479485766.66207504	0.0	0	483276.73824443785
358	17.741335571505306	397961944.53360915	371368672.0157775	0.0	0	379526.08540879167
359	18.877879856206317	375660980.0354194	475673806.2333405	0.0	0	358258.22833578044
360	30.092766505488584	420755849.1844782	507458147.7531294	0.0	0	401264.04684493836
361	30.6194336025894	408024720.75739294	520647054.9436153	0.0	0	389122.6966451579
362	39.064538090747554	453793539.84743094	538536483.6303834	0.0	0	432771.2439035709
363	36.76465610140694	479996310.26594317	486942929.4863428	0.0	0	457760.15307039575
364	23.757002622573548	352013714.2738099	476926550.46917015	0.0	0	335706.4383257006
365	28.788310265795303	436690355.37038994	488105134.7839769	0.0	0	416460.3761390589
366	36.70767927825589	455548625.3851806	591911549.8206333	0.0	0	434445.023904019
367	34.02515342157408	423780643.11983776	529523328.6409833	0.0	0	404148.71513351216
368	40.59799101012428	494810747.1601948	539121749.7470682	0.0	0	471888.3010484644
369	32.88486774807053	408417804.0166946	493083846.3980025	0.0	0	389497.57005376305
370	36.19350158465788	475279638.47713524	508143466.2379786	0.0	0	453261.98432649183
371	37.7831276845926	428136841.7343784	525449971.71727866	0.0	0	408303.1098693644
372	38.32199794104997	456174429.4913471	459821685.1105297	0.0	0	435041.8372071715
373	30.109837606750787	377331078.18918157	445100104.0073329	0.0	0	359850.958050901
374	28.37179861478588	425974583.08079624	544981588.3995416	0.0	0	406241.0193260158
375	34.19624073456904	422850468.9051195	485889696.4848703	0.0	0	403261.631875152
376	30.55825222397644	438452404.9102054	543208731.3526042	0.0	0	418140.7975294165
377	38.76262548738515	495624031.6888425	506627191.7780446	0.0	0	472663.9096153664
378	31.990410657701997	374198732.96011543	481881575.7623565	0.0	0	356863.720855823
379	39.91847657042162	475250785.90524304	528874543.7932114	0.0	0	453234.4683697154
380	30.869805463372167	440901395.06455123	477268240.73534364	0.0	0	420476.3365407479
381	30.760918622274872	365001118.5258683	392600756.2144086	0.0	0	348092.19219767384
382	36.064510094328156	418536844.31655777	527437360.0081364	0.0	0	399147.8388944222
383	31.009519052162275	420862262.2561424	515394771.27488995	0.0	0	401365.53025831457
384	33.81614452371082	434439781.76299393	510081172.14688313	0.0	0	414314.0618925036
385	39.972364386671984	516527631.77967703	545503908.266639	0.0	0	492599.13614242297
386	33.2575272543346	392793110.8519709	541366405.619334	0.0	0	374596.7014808378
387	33.327296562792746	397984421.2653498	569463742.928559	0.0	0	379547.52089056955
388	43.79050986600615	517221971.3872727	493535633.9654035	0.0	0	493261.3099930504
389	41.03840197842192	507071568.6622258	515784679.1247969	0.0	0	483581.1316129931
390	37.31088057008564	422190584.7535885	486326286.3791757	0.0	0	402632.3173080336
391	37.96751884076931	454771480.76920044	446932811.4875919	0.0	0	433703.8810436252
392	38.214874765013825	451245538.1327268	441162695.78059566	0.0	0	430341.28011009854
393	40.61953900329176	449874581.6153412	500781552.24592125	0.0	0	429033.83409055806
394	44.51584785265587	519847373.5302186	515200664.94188344	0.0	0	495765.0885870157
395	41.84916321857575	507959104.12484646	523079289.3015573	0.0	0	484427.55138859415
396	39.922063625127755	500362190.29164666	507321384.23862404	0.0	0	477182.5697819202
397	37.37224851230741	455383228.2404311	470874904.0602028	0.0	0	434287.2888950644
398	36.438769335033236	432004416.43096435	512660252.02425027	0.0	0	411991.51652428077
399	29.402711506837345	348619442.15316594	520381938.83948267	0.0	0	332469.40818134876
400	38.43309004750824	478266469.03555995	476176339.1691241	0.0	0	456110.4479175186
401	43.07184732851814	482149054.1927793	497093478.92329544	0.0	0	459813.1696632188
402	44.16448284095998	501909922.02576864	541341713.903329	0.0	0	478658.60178543924
403	34.766467506552274	433634011.73965603	493697995.94184864	0.0	0	413545.6197163163
404	46.92170491885295	536569893.5544105	610286956.4056351	0.0	0	511712.92643967667
405	32.456977061350656	393168870.6453268	545633619.6549491	0.0	0	374955.05394489923
406	33.55170052047266	395433111.7365818	465266217.0510893	0.0	0	377114.4025197808
407	36.1345909855444	482722302.1176539	455852071.0377144	0.0	0	460359.8614861047
408	38.292428133672125	479816717.0097602	570247257.5569103	0.0	0	457588.87959457445
409	38.71947592424283	482795537.4287617	528672866.27582437	0.0	0	460429.7041213623
410	39.44189120971645	474985610.6842747	502512565.94650346	0.0	0	452981.57757213095
411	42.952458813926825	500902164.3943395	490990481.49998057	0.0	0	477697.52921518276
412	40.59826747513575	496336676.72827953	588319690.5473192	0.0	0	473343.54088619194
413	40.51232940386981	450951628.10017055	497325712.1789763	0.0	0	430060.9856607156
414	39.84149188225845	491070316.7250286	487196484.6210423	0.0	0	468321.1486101423
415	45.38834853578537	517810020.31245166	503222571.9648195	0.0	0	493822.11714978376
416	43.11649636295654	503220527.51045877	543765252.5261738	0.0	0	479908.4925751292
417	36.088709348724876	442545141.82037824	528838670.0779374	0.0	0	422043.9356044562
418	41.19693384209788	492736938.44840527	512281132.3167175	0.0	0	469910.56294289144
419	37.462077907732706	469208082.18467	507830392.4864256	0.0	0	447471.69702975283
420	37.74400901617104	450644732.0635692	452420387.84828144	0.0	0	429768.30679280206
421	34.30872729983621	399271389.731136	504923480.0009887	0.0	0	380774.8696624145
422	41.840223160412805	471192972.56747365	483938037.34476846	0.0	0	449364.63600871415
423	36.40402116269254	419356019.2886066	421567519.0954254	0.0	0	399929.065025908
424	35.8844687363627	407144727.18345284	549398358.1576626	0.0	0	388283.4693750885
425	36.08447564061488	418044923.16368854	476538554.86175007	0.0	0	398678.70632523426
426	40.64535981317631	482661736.40073776	492940611.43291265	0.0	0	460302.10151742713
427	38.08299850206184	430168438.3101519	506515884.38171005	0.0	0	410240.59134497825
428	39.22870155480494	446832603.93242097	478135529.57032216	0.0	0	426132.77810327616
429	33.16210198006679	392499183.6156874	501327910.23533314	0.0	0	374316.39062470174
430	34.81113491456644	401293431.9537311	492574279.41351545	0.0	0	382703.23939679237
431	39.31789612804195	453453470.055432	468095932.8983676	0.0	0	432446.92807715613
432	40.306388148504304	459199228.41461253	528252317.5869448	0.0	0	437926.51025258296
433	41.01330170859132	471103584.1348627	482582141.7150488	0.0	0	449279.3885563494
434	41.14414773369326	484377213.76313275	515210916.87694585	0.0	0	461938.1082183196
435	36.878714875305704	434273692.7576064	469306530.8086506	0.0	0	414155.667073828
436	38.41451188887075	464422485.11188745	532486366.71163654	0.0	0	442907.7960127711
437	33.766450992851915	383066428.0914711	509678106.7595694	0.0	0	365320.6139483176
438	40.466353127962385	459941211.8761486	541947826.5021908	0.0	0	438634.12082304806
439	41.49724129743684	485264001.4407076	483285089.99424976	0.0	0	462783.8148505285
440	43.838511378655156	495250466.71338856	545689432.4051602	0.0	0	472307.65029276675
441	39.933036698597405	467092323.0515658	440361723.2531812	0.0	0	445453.9518848093
442	35.34650805297538	423018848.2526181	488393068.0048479	0.0	0	403422.21093427495
443	45.238138949059916	512793057.3165344	531573050.96251094	0.0	0	489037.5683942168
444	41.322285721412335	471005986.014568	458441559.58440995	0.0	0	449186.3117356947
445	35.48802037853355	444603800.80005133	527307605.2101243	0.0	0	424007.22579960956
446	41.99949309052286	477603015.3320052	539886158.1074196	0.0	0	455477.72916031384
447	36.451453922361324	475893062.57500106	501510339.5610482	0.0	0	453846.991133691
448	32.34955355756159	373161018.80867165	489110414.2609068	0.0	0	355874.0795218197
449	40.26384142342209	483236591.2476811	482285587.89268494	0.0	0	460850.32582061883
450	41.19934174591277	467088876.7493043	429657893.3910439	0.0	0	445450.6652348559
451	33.53995548297484	433344031.21236366	495526602.95582724	0.0	0	413269.0727351796
452	42.47568012426533	487651741.7499778	538889871.2497864	0.0	0	465060.9414577271
453	44.55992106181134	503822665.7549536	552123392.0075697	0.0	0	480482.73635382997
454	40.38072734074361	455916596.30698013	491554670.8991317	0.0	0	434795.9483213235
455	43.06174554184557	484801270.55354524	498452956.877237	0.0	0	462342.52028803393
456	36.73620573385623	411268862.08051264	509540386.9185403	0.0	0	392216.5509038092
457	36.835776208917316	422565273.13205624	507402133.9557235	0.0	0	402989.6479912339
458	43.29466961860569	477823424.03974646	467667176.87411267	0.0	0	455687.9272839991
459	41.04059936339951	487292936.903103	491977792.05197823	0.0	0	464718.75849066034
460	32.57198298248341	391310893.0472349	550360978.2021455	0.0	0	373183.148429141
461	41.50921649236856	479801465.21283525	497458736.5514469	0.0	0	457574.33434756775
462	41.99434156409646	483987197.705247	511843129.14068305	0.0	0	461566.15992092807
463	33.915113035000985	411353136.67498714	524211734.28840333	0.0	0	392296.9214200849
464	41.828141491635044	507285720.3854313	505685412.9532183	0.0	0	483785.3626112283
465	25.454390505578626	297451544.6153032	578268888.8306332	0.0	0	283671.89847498236
466	35.37219056277991	435474640.143742	493941442.9297208	0.0	0	415300.9797513408
467	44.012607187482416	494690504.36271435	480688754.1979536	0.0	0	471773.6285807746
468	38.01739446673189	446470135.35245764	529566584.0424961	0.0	0	425787.101128061
469	45.54491110673267	523512390.2125411	513897613.8684975	0.0	0	499260.32086614706
470	42.60265115517474	497152722.9701412	575728525.5263997	0.0	0	474121.78322805505
471	41.23539093319711	466464378.76961726	526471487.18589264	0.0	0	444855.09755098075
472	44.48507269811917	506809853.36569005	491738440.54501086	0.0	0	483331.5404564762
473	43.28995497286481	505954659.43609643	548037536.8215668	0.0	0	482515.96397027635
474	38.39106440491824	473453785.30676454	548556383.449332	0.0	0	451520.71505238
475	36.089471231017875	425658603.58737326	434456743.6142921	0.0	0	405939.6777986272
476	43.328442291502434	498101288.0370544	528253200.2953814	0.0	0	475026.4053698107
477	38.982660368602446	450274547.14552	412957060.5598937	0.0	0	429415.27094413777
478	37.53375880189065	438618508.61579794	531889187.84660137	0.0	0	418299.2063673
479	34.112849103045875	390937894.8841198	492199685.4117081	0.0	0	372827.4296609112
480	40.44388629291698	465780266.8528678	440813755.03391504	0.0	0	444202.67758642946
481	37.88117779198277	456267670.71662575	522115826.85713685	0.0	0	435130.7589689499
482	32.102774791925306	370302477.5404219	577326722.0612214	0.0	0	353147.96213190263
483	36.824345010273866	439300404.9424989	546681978.374491	0.0	0	418949.51338052645
484	45.074778513336994	515957701.7263757	462749434.6710144	0.0	0	492055.60848844115
485	40.898019461642285	485318295.43040514	441389543.60133344	0.0	0	462835.5936340381
486	40.15211763361846	472589726.48187596	431245587.058248	0.0	0	450696.6843432196
487	35.521792058323484	423292394.1591548	509434529.2220191	0.0	0	403683.08463969675
488	40.73148967245832	478438914.583194	495790874.97780716	0.0	0	456274.90480727586
489	43.43240802617353	479807712.890796	507529290.3876922	0.0	0	457580.2925975763
490	36.35069853543306	419296806.6408734	492023996.28836054	0.0	0	399872.59544455854
491	41.18245679518378	508905177.80535847	487773200.99769545	0.0	0	485329.79755912634
492	40.13467291809467	491511856.42489177	497973745.6221752	0.0	0	468742.2336815757
493	35.34125526031422	402625606.175932	542080639.226133	0.0	0	383973.6997374838
494	35.057532390406045	403010296.9953289	477196489.1877066	0.0	0	384340.56949170015
495	39.54945687980442	484338132.706869	444532939.4311539	0.0	0	461900.83761870285
496	37.10855489004174	425059544.72310185	527525934.64080876	0.0	0	405368.37074575585
497	42.20765370347319	486035536.66679186	504560176.5924749	0.0	0	463519.6081798476
498	40.44255871783427	458960297.4243961	539373769.5228648	0.0	0	437698.64790382015
499	37.07640404401478	437034922.3995364	549737162.1991509	0.0	0	416788.98086503654
500	34.27888452609238	393520215.6013874	498902182.79516166	0.0	0	375290.1226056931
501	38.94370104174114	466402095.5403537	466522243.50155103	0.0	0	444795.6996348893
502	38.38948161403282	457669847.10798144	481837340.98951167	0.0	0	436467.9785804571
503	42.254086157970505	489107537.19316816	536961114.7593915	0.0	0	466449.296181839
504	43.39781765729452	514083835.27258474	526456900.5252439	0.0	0	490268.55017908546
505	44.00082755595304	505554229.15919614	447130962.8265446	0.0	0	482134.0838996852
506	39.376010557029744	449978234.04109466	469018864.04474366	0.0	0	429132.6847468324
507	36.285041553713505	444367354.1254114	544858538.069887	0.0	0	423781.7326788057
508	36.56266606603687	455398570.1067083	553941262.4611036	0.0	0	434301.9200388988
509	43.21645138048242	492766497.2532657	469891034.7889513	0.0	0	469938.75241591054
510	37.668207257111305	467827134.91799796	463690527.3884126	0.0	0	446154.72308921616
511	44.7849123521827	531053621.2885969	522624868.5180267	0.0	0	506452.1992574663
512	41.95351846500245	473767242.4989213	522522511.870652	0.0	0	451819.65112583287
513	41.97835972760775	486620377.1556215	490871633.5087251	0.0	0	464077.35553323897
514	33.933676637655566	372809120.7737921	523944688.15301067	0.0	0	355538.48340396135
515	47.02032487957877	529237785.01283383	554729647.8738854	0.0	0	504720.4828384723
516	41.789425324730026	498849828.3541839	519124443.3310262	0.0	0	475740.26904505136
517	41.998752213634376	520601238.75143254	482127514.5452465	0.0	0	496484.03048651945
518	47.51783329960953	532606151.13021123	558654096.9786443	0.0	0	507932.80709286826
519	37.43615365637795	483581004.0855801	506687931.06059253	0.0	0	461178.78349836345
520	43.307904004282726	511873549.67952955	508680251.2740204	0.0	0	488160.65757706587
521	37.543301967576575	428841425.57578427	524854723.4386446	0.0	0	408975.05338266765
522	38.6504580331603	436355328.90054375	512317547.1640719	0.0	0	416140.8699994505
523	40.743355204736055	465953704.79657686	540096444.4387312	0.0	0	444368.080898835
524	43.780671594688485	507737864.46315306	467224430.4456329	0.0	0	484216.560805467
525	35.83539027273708	402867982.44567806	568358177.9848105	0.0	0	384204.8477608472
526	38.44582799294317	456426521.8744336	501724704.12808347	0.0	0	435282.25123828265
527	31.580525070874835	355674800.1527732	433596620.9336102	0.0	0	339197.9218986256
528	38.637203977305255	437345390.78643507	442032524.6002671	0.0	0	417085.0665916776
529	41.93265414865198	477268075.10936034	517765801.78539956	0.0	0	455158.3052724459
530	39.59452585706632	468943304.60395604	567454447.2015183	0.0	0	447219.18545146566
531	35.39283641384759	462056324.62442595	472131466.5652849	0.0	0	440651.24952738377
532	42.92766331108457	508562388.7077035	478303187.83058447	0.0	0	485002.88840074866
533	44.059700647639815	511972428.33819544	494900974.0206882	0.0	0	488254.9556142764
534	39.876615864489146	474174650.1443394	484375158.96607614	0.0	0	452208.18533357565
535	31.896860827743403	367682895.60644734	541854831.3163915	0.0	0	350649.73412174924
536	34.81546743631361	421355193.6011439	526740736.79370075	0.0	0	401835.62622179405
537	43.45223637953649	482110954.40201986	551358199.6224934	0.0	0	459776.834871311
538	43.21084148550111	523127225.25903666	586385168.9674025	0.0	0	498892.99894241017
539	38.20824042199869	446939657.01740545	514617204.9226088	0.0	0	426234.8718809179
540	41.5106397018117	469296651.1660385	514792863.6527725	0.0	0	447556.1629925141
541	36.068776692853085	414674167.9470847	501783646.4032596	0.0	0	395464.10364826646
542	42.576823907537644	498555530.95650816	565209431.3082078	0.0	0	475459.6051755031
543	32.99354072989581	384175445.72227037	528424080.30226153	0.0	0	366378.25557925267
544	37.52835121910162	417882388.1809853	439645636.0914996	0.0	0	398523.70088671223
545	43.10628237286895	512165349.1223346	556096071.5707678	0.0	0	488438.93921121105
546	41.0456756777066	482827164.1358718	471956624.3166198	0.0	0	460459.8656996454
547	38.75465894650195	488169417.8068965	445590223.1388896	0.0	0	465554.6358174292
548	38.970525350065685	442591490.4344585	486312598.51628596	0.0	0	422088.1370873056
549	42.447741368933634	483847073.9124797	574723750.441508	0.0	0	461432.5274586483
550	33.7790202663043	416677510.9339821	491290787.08617	0.0	0	397374.64040182304
551	37.496700867475134	424485516.369506	498264019.13702744	0.0	0	404820.9346480427
552	39.847424716300694	452766119.260329	489296720.8943535	0.0	0	431791.41927750496
553	38.46728480684453	483818748.89049107	531232407.9035721	0.0	0	461405.51461266604
554	43.215395957465745	505476829.08202386	583474589.3269068	0.0	0	482060.2694339979
555	37.38496551285584	430430946.03474045	552951376.7755505	0.0	0	410490.9382197766
556	34.447423396619094	401348551.8374754	523802927.813566	0.0	0	382755.80581424286
557	40.73122411788706	492952826.379298	492075101.1579206	0.0	0	470116.44971780566
558	37.954770970817016	447435653.2186684	477698993.1690919	0.0	0	426707.89071909763
559	34.55489356015835	405817436.31101614	568725412.6272019	0.0	0	387017.66615964513
560	40.819046636819195	478887506.08200353	526010239.2521867	0.0	0	456702.7149982487
561	44.370737265607275	524788842.01107436	551310131.3876156	0.0	0	500477.64016253885
562	36.41056156016829	418954995.9668253	542775689.784616	0.0	0	399546.61938364536
563	35.71296321044078	415222083.9152425	426486483.8591806	0.0	0	395986.6370346475
564	34.94114504135811	429057298.97529095	553347413.6045105	0.0	0	409180.92629937263
565	39.51075325346853	470108329.51109445	529614777.54742116	0.0	0	448330.2397833772
566	35.71207967573764	422438937.04715234	569814790.1598744	0.0	0	402869.1645118258
567	33.692037205216245	402190249.65420353	465695548.4815344	0.0	0	383558.5114042314
568	38.144315955612484	444502827.64327365	587567802.9132738	0.0	0	423910.930293344
569	40.77766457828227	471955186.8041275	430876808.6902388	0.0	0	450091.54014981043
570	36.517001905445234	426030285.70464915	525068816.1200586	0.0	0	406294.14148774074
571	39.66482169868723	458469159.85890406	466476972.3122717	0.0	0	437230.26262178796
572	42.683891469306985	482178963.7902837	445254539.65163875	0.0	0	459841.6936781726
573	42.83286690319304	513412978.2583912	514676783.42145306	0.0	0	489628.7710746679
574	38.741760000497976	443511395.21481454	502023979.0367302	0.0	0	422965.42664987047
575	41.760307746667216	485153434.65356773	453316730.7967156	0.0	0	462678.37014538574
576	40.51314355993761	482709641.8184426	578939868.540845	0.0	0	460347.787683909
577	39.64639854748915	468150852.9784454	466256609.0852385	0.0	0	446463.4446892219
578	41.71618365302298	478791438.5344073	548709177.0157154	0.0	0	456611.0978454659
579	40.19527887686674	511524856.4487289	393450924.4379115	0.0	0	487828.1177985466
580	32.521068838734905	377937631.595599	528897973.9467154	0.0	0	360429.41245612997
581	27.775347545382928	306467568.8437865	543110421.8975757	0.0	0	292270.2492177835
582	42.00249058770789	475236084.10595244	620742458.4771183	0.0	0	453220.44764132734
583	36.52347174008263	415432637.6559574	498692519.41394174	0.0	0	396187.43672939035
584	44.36572464402418	502718801.49258596	479100951.5339147	0.0	0	479430.00935801107
585	41.31852866737682	470304856.4641228	474112172.23629874	0.0	0	448517.6624909618
586	43.47047130821409	509918404.6017573	548277089.396556	0.0	0	486296.0859315464
587	43.90718256583045	523119770.2350013	513374784.70549643	0.0	0	498885.88927745936
588	37.847206241199686	449481640.97121346	530563340.45777494	0.0	0	428659.0966903815
589	43.05778377780508	496967423.44392127	502410269.60900587	0.0	0	473945.0678290571
590	38.96826866024687	440439686.0417511	530611231.9446433	0.0	0	420036.01650405047
591	42.62543519408847	467249380.4807417	446497314.43029755	0.0	0	445603.73352121527
592	36.477525124204725	428397873.983278	528053928.6784107	0.0	0	408552.0496208935
593	37.1705154611082	443476245.7036797	453766761.7926213	0.0	0	422931.90546386683
594	43.04330367576802	503670245.9926802	501562111.6417584	0.0	0	480337.37754123716
595	24.885967571071333	289560223.8528346	478181813.32581294	0.0	0	276146.1485412926
596	37.8324749086165	436857758.393542	585114768.0855384	0.0	0	416620.024102728
597	38.598112299483965	447164920.3918982	452776977.99029267	0.0	0	426449.6997755988
598	39.17687050698184	486556893.51593685	474980886.37332934	0.0	0	464016.8128165599
599	40.739914199659445	501649979.95063984	500890157.7216116	0.0	0	478410.7017046354
600	41.78725488459693	480706007.8869494	467679258.1638393	0.0	0	458436.973463964
601	44.76598299332104	510215253.34991056	476909330.84190226	0.0	0	486579.1829585177
602	40.03486146368596	455490305.4888841	517092546.82896155	0.0	0	434389.40571678575
603	42.88440452422524	500448327.73370326	554852817.9855232	0.0	0	477264.71684809035
604	36.33374710762751	428077899.0132927	485286411.57243395	0.0	0	408246.89771012566
605	47.40924033366623	521464499.55849105	524091134.19941795	0.0	0	497307.3001465712
606	34.77842929954289	399383485.5125412	495486558.9934381	0.0	0	380881.7725301182
607	41.58107411171117	482324748.8945012	508776950.16868705	0.0	0	459980.7251877795
608	40.32867569804144	464581594.1354333	452851186.53699195	0.0	0	443059.53420203517
609	40.6192244361204	473506909.5080733	466471148.46542954	0.0	0	451571.3782387477
610	39.094893936251026	484466358.94624346	455127224.4513673	0.0	0	462023.1236898836
611	34.34123401476057	384060716.86191833	569379906.1526005	0.0	0	366268.84161178436
612	47.53715887011015	537519191.0918123	573101231.9970744	0.0	0	512618.2471197246
613	29.59276152964426	359239102.48970485	419912306.0263442	0.0	0	342597.105493264
614	44.038338614271645	515624063.844082	466444185.9966511	0.0	0	491737.4266091174
615	42.394120826149155	483130889.636308	550561128.1575972	0.0	0	460749.5209086494
616	37.55323923912797	437976948.58669627	503436752.7801565	0.0	0	417687.3670451129
617	31.606677295219907	358737573.84540254	505763700.8438986	0.0	0	342118.8105062508
618	44.44481382258061	509533489.40664816	500775388.2437314	0.0	0	485929.0021959765
619	30.01853865564381	423900700.9021209	399855480.9138839	0.0	0	404263.2111569602
620	40.3827551903798	474650360.0777329	538624998.4020936	0.0	0	452661.8576791123
621	39.93710283680117	447694167.34437215	570965876.8401666	0.0	0	426954.4290012095
622	34.22462027214289	400971222.1698214	547217366.456407	0.0	0	382395.956201383
623	40.59722696643694	492517785.98982817	475150909.8745438	0.0	0	469701.56287176936
624	39.09549207919481	459481197.16672635	489982590.9482526	0.0	0	438195.41660950304
625	45.320132517753656	513097799.1323241	497236934.957887	0.0	0	489328.19283707056
626	40.813973486717764	486424111.0746064	479555205.2383695	0.0	0	463890.18161259324
627	37.74173030238452	438198811.3471057	535730080.1742988	0.0	0	417898.9518614822
628	34.591021693380554	424665507.1687385	431233879.27080417	0.0	0	404992.5872504602
629	28.38892506061081	339450269.3717447	603981402.8683741	0.0	0	323725.003597016
630	42.86433359448725	520828739.6117461	462870218.4907244	0.0	0	496700.99221396045
631	38.5176642448684	441122946.4506246	539714007.9348407	0.0	0	420687.6244074102
632	42.10943041090776	487131841.9100835	468864219.88750464	0.0	0	464565.1263333163
633	36.02992350460565	443892549.5823723	550513613.0884423	0.0	0	423328.9237807964
634	41.81417405132885	480588724.11657095	518975107.0208412	0.0	0	458325.1229444228
635	41.306968969689166	478859368.392109	488771354.61593616	0.0	0	456675.8808060732
636	36.94956539393067	434007384.9539038	451031398.3556439	0.0	0	413901.6961611784
637	38.46997925388749	463720972.24453837	447643001.7677131	0.0	0	442238.78120855166
638	45.523145002401584	521556716.65145963	531219207.40194786	0.0	0	497395.2452196692
639	40.11132332208747	488223730.6663087	469528044.40015656	0.0	0	465606.432596501
640	39.904727603192555	497809028.3536799	502789902.3641328	0.0	0	474747.68481605506
641	41.24802077941467	469912317.4306056	546750852.0935493	0.0	0	448143.3080965094
642	41.66642706364807	487678985.0034019	579433372.4530745	0.0	0	465086.9226488131
643	37.86504155710096	450429856.63299936	526427998.4278658	0.0	0	429563.3856134407
644	40.20813034231373	501568273.9892857	487689931.217103	0.0	0	478332.7808277947
645	34.44982120597681	426910706.13311553	475139613.24119526	0.0	0	407133.7758380084
646	32.63016909876843	401003086.1656531	470596163.6556068	0.0	0	382426.3440758258
647	27.38423895129258	433578396.4598251	439600872.47037655	0.0	0	413492.5808523416
648	37.793603023143056	459146394.3216559	487279190.2980503	0.0	0	437876.1237350999
649	30.498146843084776	413781879.9571856	515487224.7282994	0.0	0	394613.1515094618
650	40.19905898084125	469025847.832764	463067636.827869	0.0	0	447297.90480877284
651	44.56998758459806	523636318.03458756	536476569.5880058	0.0	0	499378.50764712103
652	39.76150370274688	447997998.3125309	453413144.21007055	0.0	0	427244.18479207123
653	33.08103833777048	409465069.5806802	500831421.3825899	0.0	0	390496.3203245929
654	31.624158797388912	366699912.9311987	477794510.3273975	0.0	0	349712.2887908925
655	40.794153226169044	501793913.9987158	531530032.3914655	0.0	0	478547.967909542
656	27.743160553941077	422127194.5500749	437733774.6203387	0.0	0	402571.8636990309
657	39.51495248956515	453117397.1180125	526669043.9792465	0.0	0	432126.42394829984
658	45.15457119062058	505799919.3979289	521701231.2522812	0.0	0	482368.39237015595
659	37.933257901557916	451732706.72981715	532627222.21814436	0.0	0	430805.8802889033
660	44.264932707081975	498663124.8677595	499434500.48527783	0.0	0	475562.2147252651
661	35.33266835788256	414528807.94854903	506145105.02549917	0.0	0	395325.4775510302
662	38.1361706170346	501621961.85151625	525502463.0277816	0.0	0	478383.9815631066
663	42.30478507887394	484780417.206215	530328184.3171328	0.0	0	462322.632986274
664	43.91023294613192	502416351.0065076	559513707.9570469	0.0	0	479141.57009745366
665	38.73376492926918	454912080.0718601	448968839.6275	0.0	0	433837.96698747645
666	32.56919788835627	380746194.8538021	517343611.6254653	0.0	0	363107.86710148066
667	42.610154415612655	512210001.2029063	465107551.2940321	0.0	0	488481.52275362617
668	33.47719267576521	414866366.4457337	466293167.79508245	0.0	0	395647.3984200799
669	40.68102093693511	481819168.2573186	492114542.1337012	0.0	0	459498.5659192264
670	29.206008409437857	346125738.84707916	477530591.9163598	0.0	0	330091.2273855965
671	41.48641300325899	503558281.4877552	492665102.6796151	0.0	0	480230.5998685411
672	37.27033723824886	419716120.6774851	443942795.57274294	0.0	0	400272.48447178374
673	36.29349850983549	444526732.3526003	505357563.7747543	0.0	0	423933.72760067
674	38.43123740871673	442022053.41314673	565568824.9871513	0.0	0	421545.0796252696
675	37.12954604217227	438793744.12518567	529715668.7800045	0.0	0	418466.32397192536
676	38.8906732427866	456246910.7280584	510562483.91206956	0.0	0	435110.96070104453
677	39.75126075804468	451621213.3595462	456786619.3714877	0.0	0	430699.5519252265
678	37.70600977211676	428137899.653387	487168520.1928369	0.0	0	408304.1187795517
679	43.09864037688355	483323596.17783386	548677028.3022928	0.0	0	460933.3001879062
680	38.45803387131177	447619178.1031904	568167351.0648836	0.0	0	426882.91368788754
681	39.008076296328916	448054993.03130686	524665966.18071425	0.0	0	427298.53919153864
682	47.282336875139485	537563623.6553395	533928578.0166214	0.0	0	512660.62131437263
683	43.09244642726451	484046211.8968745	508308352.5978928	0.0	0	461622.4402397864
684	35.7747066872258	451457559.51967853	481200755.4151168	0.0	0	430543.47946136317
685	38.45052077837494	440207250.14897525	573987630.3199458	0.0	0	419814.34836289904
686	39.51141890215752	471152265.51552504	516772694.3774829	0.0	0	449325.8147387743
687	36.79773334085438	465778087.92037153	433655514.1115969	0.0	0	444200.59959447064
688	38.53665458126787	480109481.978273	503035713.8344527	0.0	0	457868.08202578826
689	43.94603902281464	523490103.1204218	523881513.9455936	0.0	0	499239.06623880565
690	41.35110705878085	465140602.4843916	476073351.85387	0.0	0	443592.6461070934
691	37.702219990081076	451184235.2102355	494670403.31624335	0.0	0	430282.817087398
692	35.5545776690793	407030680.59354293	460557739.3534903	0.0	0	388174.70607141784
693	36.07688036769913	410047908.92163855	545520640.2707012	0.0	0	391052.1592346559
694	42.55216206984189	488128425.0361171	503902790.11735696	0.0	0	465515.5420647783
695	42.388995695787386	499829372.2267296	537405258.1237367	0.0	0	476674.43487809144
696	40.499596341295685	451437424.5938621	519347375.021526	0.0	0	430524.2772997493
697	33.81585798477297	400955866.42886627	542023089.6891327	0.0	0	382381.31182562467
698	41.85702879333746	495114194.58404064	488243374.01077354	0.0	0	472177.69106296595
699	29.929861026853555	349988409.9781191	520358602.70490897	0.0	0	333774.9576359931
700	34.51225650986389	391193614.4210773	436440703.61127245	0.0	0	373071.30281551124
701	31.015635528761894	352596563.8958773	434332481.90775764	0.0	0	336262.2870405935
702	37.7723687245013	430013688.3969017	533310983.91728365	0.0	0	410093.01032724546
703	32.636789487480286	355132667.2640746	470678346.4554099	0.0	0	338680.90368659457
704	38.16681430761626	469286399.44169754	483735993.73741543	0.0	0	447546.3861863112
705	37.315703824605805	442460235.38847685	461023685.60596865	0.0	0	421962.96252105414
706	45.39373590528747	527098565.2892338	588817803.4794123	0.0	0	502680.363930925
707	39.095334315109916	476874774.50043035	491559627.3550339	0.0	0	454783.22458308254
708	35.91167467869061	429765684.4452137	497512786.87672293	0.0	0	409856.49532815337
709	28.823256890921233	321968177.0346995	527749292.9139755	0.0	0	307052.7811381333
710	34.172735609105395	391772863.8831285	519071041.0490886	0.0	0	373623.7181502614
711	37.264369595786754	442798675.0646782	576827342.7383236	0.0	0	422285.7237479003
712	36.83365307636234	425900767.21783334	525752136.835938	0.0	0	406170.6230333647
713	40.50417991132834	484331640.3980463	497105629.8826591	0.0	0	461894.64607052435
714	40.47269366491929	489677877.38061357	499186752.24183965	0.0	0	466993.2149702201
715	35.85747976066165	427678396.5319412	550883083.8247658	0.0	0	407865.90245432017
716	39.888874033978276	463214051.386824	495516506.93302774	0.0	0	441755.3438060991
717	41.257899707345274	497588681.84529585	535747324.1332055	0.0	0	474537.5460102994
718	43.1895605637787	500458455.3273923	584523013.1017492	0.0	0	477274.3752740786
719	34.730030185504006	400832428.5103581	429698357.99038273	0.0	0	382263.5922530728
720	42.31836963751113	497060628.3792181	524621226.13936317	0.0	0	474033.9549820119
721	41.94514524824749	505641353.85260063	566364731.8890917	0.0	0	482217.1724821095
722	27.718882560870842	318661110.719435	473299637.93012315	0.0	0	303898.9169306135
723	37.97939806950181	441194811.831623	492109447.9206711	0.0	0	420756.16057550727
724	25.299212817864827	304858385.986613	543854500.3265814	0.0	0	290735.6128564958
725	43.72484241505938	500709170.5539673	510345692.5193051	0.0	0	477513.4759463951
726	46.85076873712263	529303234.71130085	478778408.842089	0.0	0	504782.90053491684
727	44.148379432152865	507609810.0842029	518375012.38659143	0.0	0	484094.43863315874
728	40.821822175972	462792104.1110824	495177355.99967694	0.0	0	441352.94352634647
729	36.22711803175426	440876635.5421716	498607010.11477125	0.0	0	420452.7240201681
730	42.66238236499715	490736911.2646063	601482745.711245	0.0	0	468003.18838558806
731	30.288880443866326	350880138.06963843	494945053.4497107	0.0	0	334625.37581409304
732	36.559947795903234	413702126.190991	495158811.1480762	0.0	0	394537.0923910055
733	34.11471723445218	394772673.2644837	521541498.1208629	0.0	0	376484.5593113745
734	34.82668537686269	406881037.212133	488588369.4245381	0.0	0	388031.9950219469
735	47.0118998566036	543775765.2711558	528737835.7815031	0.0	0	518584.9812232552
736	36.414529261648504	430075515.2066207	511743131.924431	0.0	0	410151.9729677395
737	35.910007963183695	449852500.7714014	539679318.6678214	0.0	0	429012.77615680825
738	42.03362074918731	489626943.762224	515138549.1546954	0.0	0	466944.64088652056
739	35.79695943026354	392485766.9712592	397994898.1245787	0.0	0	374303.5955154984
740	42.37843669279263	501174674.7211642	549800020.4291573	0.0	0	477957.4153148311
741	32.57908969495136	404269351.86435956	449536961.4840586	0.0	0	385541.2977832408
742	38.95458258187572	432958500.1214051	429421684.22571933	0.0	0	412901.40163555637
743	31.05152363286588	364897504.3816861	558848973.6637335	0.0	0	347993.3780495511
744	35.00529506559601	419879462.1545636	500658675.74996686	0.0	0	400428.2590432772
745	38.7192608263397	444928631.72113717	508428341.0272485	0.0	0	424317.00870622374
746	34.66288678452124	399884004.29928905	438310665.64922863	0.0	0	381359.1044419184
747	40.67648068914294	482352425.480345	527500697.592643	0.0	0	460007.1196368645
748	42.06935905138459	503330152.98355865	523836436.3303844	0.0	0	480013.0395732487
749	40.364890684113924	465986503.3565121	498519483.0841625	0.0	0	444399.36004306056
750	43.00852565665339	489990880.90426624	583754061.5790733	0.0	0	467291.7183916725
751	42.30370174583084	474290073.75233305	428823446.1217277	0.0	0	452318.2618640263
752	43.62223349727409	525901967.35844773	495399777.631362	0.0	0	501539.19921726966
753	40.386397411287476	473825616.6614218	480441319.3285478	0.0	0	451875.32106535113
754	39.966160221904076	459571920.6741915	461494701.93943864	0.0	0	438281.9372884668
755	34.564840405381545	394410552.1373196	475489907.4759062	0.0	0	376139.21369296993
756	44.225156897641895	520026452.63670665	536606135.1808555	0.0	0	495935.8717314783
757	39.92282057497476	473844886.1025608	560540120.7872199	0.0	0	451893.697836457
758	42.84779250846948	503460170.71858543	585450636.8106618	0.0	0	480137.0341478207
759	40.85776280649082	452639239.3646398	514337541.9772443	0.0	0	431670.4171797177
760	43.59322080760565	486411489.0604989	513451603.07029784	0.0	0	463878.14432191756
761	40.644809999541835	466356620.09740543	539887313.3861564	0.0	0	444752.33087292244
762	40.36502088987445	461433344.64519143	510850839.4652852	0.0	0	440057.12952155236
763	44.27565195357582	513623365.9928447	481136857.26182735	0.0	0	489829.41245350346
764	44.232875769925336	488149632.81651145	528114725.57609236	0.0	0	465535.7673802484
765	35.642360836033475	434140525.0859523	563350599.7860312	0.0	0	414028.66848559584
766	43.630434311451495	488656009.77679425	451026410.1117104	0.0	0	466018.68608169
767	41.34381909123165	446964822.54655504	429470773.1170969	0.0	0	426258.8715997268
768	39.73939985363722	446383961.63108546	512601817.54460514	0.0	0	425704.9194632394
769	45.6533951032653	524883076.6804671	471792295.13058823	0.0	0	500567.5093464537
770	40.255663927153144	460121620.5003222	527452143.9473126	0.0	0	438806.1718943808
771	41.421138306701955	491011513.78199947	536896648.2636793	0.0	0	468265.0697536463
772	37.374847116890294	423179570.65361285	531097575.68536085	0.0	0	403575.48776017455
773	47.6867672552038	531576307.380043	496464853.3440281	0.0	0	506950.67155842105
774	38.93251706053157	455857711.083587	548042435.007077	0.0	0	434739.7909961579
775	28.025403716787476	329541002.2666659	541923666.230162	0.0	0	314274.7900644931
776	31.075559484272954	360011626.95414424	521004280.8064798	0.0	0	343333.84223379544
777	36.691302771236394	414630141.65450233	505098613.84381014	0.0	0	395422.11690378404
778	34.13519081164828	411865308.4427145	537569885.1714263	0.0	0	392785.3664805551
779	47.65867104347326	552288295.3043566	566074136.4760917	0.0	0	526703.1624835554
780	38.321577048209626	445588004.12861544	578731180.9546686	0.0	0	424945.8352361826
781	45.784722966401105	517650372.9412483	506987939.2044169	0.0	0	493669.86555218505
782	42.084170065605115	480777946.4243161	494073587.26816875	0.0	0	458505.57939941034
783	42.88167664611334	493039493.56331706	456323023.6175934	0.0	0	470199.10198528
784	42.5952475526421	488240848.407967	544458711.8331019	0.0	0	465622.75734707527
785	44.43807215399545	498185205.3730578	521222056.28665036	0.0	0	475106.4351778581
786	35.360017544180714	404642250.5478033	531076187.7990604	0.0	0	385896.921680263
787	46.349076968012234	535109390.53066814	558202003.7775058	0.0	0	510320.0822168999
788	39.96154080947252	480115240.4410288	472902836.248315	0.0	0	457873.5737238207
789	38.56268271879455	442020816.80246675	517718329.5986395	0.0	0	421543.9003014245
790	43.03765825986782	498489054.9098926	575503147.9247026	0.0	0	475396.2086771893
791	36.395298808092875	421943304.66208196	541587195.6235085	0.0	0	402396.49263580487
792	45.444997612765626	525027169.39848036	563804177.6126395	0.0	0	500704.926870804
793	37.5175314311787	418330739.7346942	427376015.4697858	0.0	0	398951.2822482055
794	41.732569664420055	472334418.8658552	512069593.95645356	0.0	0	450453.2040270378
795	39.74043234017067	453316721.14351815	531544805.6207123	0.0	0	432316.51415206725
796	40.77762942680066	472158352.82542366	465158930.0517059	0.0	0	450285.294366287
797	44.8074754034212	509865555.7902515	516944404.7905844	0.0	0	486245.6853773608
798	46.18049822218684	521825969.1494412	528019612.7616704	0.0	0	497652.02441162243
799	47.469671329940404	538768133.1110764	492397135.93320125	0.0	0	513809.331046177
800	37.64035389139971	433203414.9286373	524119090.9863981	0.0	0	413134.9705969212
801	41.28248245016003	480262234.12015265	461423299.00596505	0.0	0	458013.75782027474
802	32.796175553448265	394534392.2397581	505817050.77119505	0.0	0	376257.3168180068
803	45.07888382837763	509853027.43613446	509339044.8169879	0.0	0	486233.7374078125
804	45.14034457995423	493866720.1967722	486597827.86442	0.0	0	470988.0067794534
805	32.84098827528711	388816732.9693314	483449801.2858916	0.0	0	370804.5320218385
806	33.11489779005256	388752964.7112273	481676722.87075233	0.0	0	370743.7178718826
807	31.589761483160327	361630236.44163543	549219810.194217	0.0	0	344877.4685303071
808	45.2347315578745	506677679.8569661	454006547.2191469	0.0	0	483205.4899758969
809	45.81689304325931	524714779.8467601	481266356.2059865	0.0	0	500407.00897861505
810	41.24728543517995	474750420.9029152	506068356.06817955	0.0	0	452757.28311816714
811	44.959368295614965	512752894.6315521	552450317.6772527	0.0	0	488999.2662730712
812	38.075814176561664	442226500.921118	552117182.7373058	0.0	0	421740.05596267525
813	45.16067130428793	528484042.42443013	536998096.734355	0.0	0	504001.65789072996
814	39.33192134921755	427974984.2501514	416547058.03023165	0.0	0	408148.7505437388
815	46.26654483589105	525116672.0081937	504262970.34892094	0.0	0	500790.28321093903
816	45.633625479975265	519245371.4950477	458521759.7686029	0.0	0	495190.97470764886
817	41.97190034561722	500779255.1160058	511311146.7023062	0.0	0	477580.3137931878
818	35.865530490926126	426350240.0626219	535656961.15997106	0.0	0	406599.27374136157
819	38.620012667791066	464395463.74618024	512845287.41016704	0.0	0	442882.02643030166
820	36.70059397235313	420670104.10153776	422190777.70693356	0.0	0	401182.27396158
821	46.14191181909448	504638707.2090451	450575203.1716389	0.0	0	481260.9741297197
822	45.3065704584744	520805573.28969586	547985620.953268	0.0	0	496678.8990876159
823	42.88897983434908	504327849.87477577	506894571.7396656	0.0	0	480964.5174739607
824	43.7733044670775	506447906.4664233	562037948.3942882	0.0	0	482986.3609947426
825	47.07046035659472	535291155.84518087	516203988.1161882	0.0	0	510493.42712896416
826	40.07298166390079	470037675.0096853	562378159.7658892	0.0	0	448262.858400045
827	42.69149378506689	487721260.5704602	499608629.3886563	0.0	0	465127.23977132794
828	32.343973028966	375961415.3008877	501428805.57172704	0.0	0	358544.74573220056
829	47.59377501606513	544950738.5532697	549369796.2639408	0.0	0	519705.52306487074
830	33.99525899504642	396597116.14404446	493905514.2551601	0.0	0	378224.4836273615
831	40.44313078870519	452548224.91223454	526550602.8559008	0.0	0	431583.6190340371
832	37.28886029982227	432499998.458063	528787152.37678534	0.0	0	412464.1403751974
833	38.476828369455426	467200572.7353656	459763274.91141343	0.0	0	445557.18682800856
834	46.02245172954653	522365447.5712479	532996214.7007822	0.0	0	498166.5111267546
835	40.3752058352937	481942194.93066347	563372777.8507746	0.0	0	459615.8932978281
836	47.19185484477115	528815778.9636953	545568925.7525939	0.0	0	504318.0265080406
837	40.17161311163706	460593979.93675524	542587094.8811343	0.0	0	439256.64895701915
838	46.28474678505363	512455490.29038656	437338627.2215412	0.0	0	488715.6393913141
839	35.76445338488848	387681781.1796288	465937987.73115796	0.0	0	369722.15764963976
840	43.89679114236371	487157084.59925765	483244773.0164557	0.0	0	464589.1996376586
841	44.12056742896871	502751930.24795806	548843327.3224161	0.0	0	479461.60340114415
842	42.780626789884984	503092323.1674291	503153464.70159453	0.0	0	479786.2273859302
843	41.35119586054492	454723877.3471085	533252017.0871972	0.0	0	433658.48288260325
844	44.041301841826616	483391611.9902258	499168055.06583416	0.0	0	460998.1651212936
845	45.080388353849756	511345244.357237	463746147.1571035	0.0	0	487656.826359975
846	40.04872106006274	450361975.4387473	499445745.90382415	0.0	0	429498.64906191546
847	38.59301868266343	430935244.5364432	456730725.39616865	0.0	0	410971.8747486527
848	45.838565560554805	503449786.3475883	448416352.75309026	0.0	0	480127.1308399089
849	43.98211131635457	495248783.1890056	476841800.0520868	0.0	0	472306.04475880216
850	35.77928852975417	411804342.05459994	517908799.3254396	0.0	0	392727.22440204624
851	48.20971364266064	546087455.1700852	544362244.9482547	0.0	0	520789.58050735976
852	42.04986134264246	488142227.15639865	506290847.0735921	0.0	0	465528.70479240286
853	43.23040300315148	490703344.31733084	556760392.7980702	0.0	0	467971.1764500914
854	35.379270727790136	400123131.61987156	456722469.3680503	0.0	0	381587.15402590897
855	42.91140687884072	475073680.4479042	469461806.027919	0.0	0	453065.5674437562
856	38.06134543593814	437022734.3687677	462027137.19053674	0.0	0	416777.3574531247
857	39.099948580604305	443740571.1547731	537977518.012943	0.0	0	423183.98585774726
858	43.48237250572962	482785560.6103569	546664583.8261894	0.0	0	460420.1894858902
859	30.20865388921169	342400414.6421335	456156741.7062993	0.0	0	326538.4813710532
860	43.67902287189279	510255371.4255527	510835730.27348804	0.0	0	486617.4425368813
861	44.05601174361	511124540.4100039	632117060.974979	0.0	0	487446.3466739692
862	45.509217343959726	498302338.7476792	531086550.24712	0.0	0	475218.14226882864
863	46.12173700710806	534235451.54464746	546544819.4505371	0.0	0	509486.6290518259
864	34.96712795372158	401613461.24169606	537308309.4761165	0.0	0	383008.4431092224
865	44.35289358066872	500122464.8634674	507627004.7335009	0.0	0	476953.94979807595
866	38.37600082921704	444907643.4290042	545597980.9727352	0.0	0	424296.9927110714
867	40.540635707689574	491968904.29189867	491427686.2451594	0.0	0	469178.1084937084
868	46.269823380938284	532940073.9993854	537241378.4425398	0.0	0	508251.26075686
869	30.414282900333703	338543259.3809425	471454565.74799776	0.0	0	322860.0114640642
870	47.153130094121465	528137768.2268434	522773618.08638716	0.0	0	503671.42508205725
871	44.33973942230882	519506315.0289159	504280504.30480707	0.0	0	495439.829853931
872	34.161770321845864	422533636.6532326	514978899.7826284	0.0	0	402959.4770939185
873	42.453730531393255	487240300.92284334	552040992.4941198	0.0	0	464668.5609081681
874	45.50121609189629	519346589.59402883	507914148.5813966	0.0	0	495287.5038090026
875	36.20417559789789	439343267.69869083	491656308.12105185	0.0	0	418990.3904902372
876	37.2041530563219	422873154.5795935	488222082.9520755	0.0	0	403283.2666202483
877	38.89308577172396	482675341.69295245	505893498.86377	0.0	0	460315.0765351795
878	35.13464784935199	423793607.3665466	538889006.1544464	0.0	0	404161.0788026301
879	32.267141995450686	428296329.0751316	530330088.11939234	0.0	0	408455.20885003236
880	36.75787267632112	480807443.4264247	465088678.3606768	0.0	0	458533.7099327323
881	45.59281960097863	514471254.2289895	474520489.17499536	0.0	0	490638.02168749756
882	40.311152972835345	453045015.9858574	566766905.9379566	0.0	0	432057.3959215711
883	44.70695484185068	521595190.45403975	581442555.4313853	0.0	0	497431.93669704406
884	44.418860459865066	519533269.7301978	470965519.58433914	0.0	0	495465.5358602502
885	39.575568905949964	462776718.286365	445042864.2264365	0.0	0	441338.27046047663
886	27.78463648220683	311348304.0731551	507643404.6675529	0.0	0	296924.8810512113
887	39.09563678759493	447934105.7531566	520096137.67343855	0.0	0	427183.25209918653
888	32.43789281119677	370226937.2049163	477430717.0616444	0.0	0	353075.92125407816
889	36.55140348606894	413307262.1099684	463589790.2222929	0.0	0	394160.5206584631
890	37.94933295495849	426162045.92717737	545748227.545405	0.0	0	406419.7978278896
891	40.39254991253553	468165580.2754031	565583191.1626701	0.0	0	446477.4897340803
892	36.85950935828136	404671280.21943593	461508669.699341	0.0	0	385924.6065325128
893	28.57354749793033	330245503.2647782	499905806.8309855	0.0	0	314946.6545722754
894	45.93394204197634	516274562.32698095	546724575.5642769	0.0	0	492357.79030511953
895	29.307467729668282	339408179.66331637	456364557.9608998	0.0	0	323684.8637231031
896	46.65402117503278	529804205.51104546	478566963.09243757	0.0	0	505260.6635199028
897	41.1362516167116	469112513.16207576	506492173.4682544	0.0	0	447380.55530746037
898	36.53894766645579	430612260.97895026	512796046.96452224	0.0	0	410663.85362525017
899	47.35098731494826	543111822.1339446	537576278.2580242	0.0	0	517951.7957057424
900	45.33514596215674	528474374.2494175	500095246.78193396	0.0	0	503992.437600534
901	36.946250367059406	420822251.35098195	491492193.016631	0.0	0	401327.3728856868
902	42.23723565604841	530619963.9081965	508953961.3459057	0.0	0	506038.6313516584
903	38.199794684703804	465459774.56074303	475934588.475887	0.0	0	443897.0323188238
904	46.7907486098483	530038197.39316994	484990850.5509928	0.0	0	505483.8155681323
905	34.833466809715155	402233614.32896	500839386.9021318	0.0	0	383599.86718078604
906	33.82180203203411	407357825.54184204	448913137.1357298	0.0	0	388486.6958063525
907	45.46484677683388	497731808.6384879	449451945.44799113	0.0	0	474674.0423569562
908	38.220896381934146	438883587.44566315	531455557.5766342	0.0	0	418552.0052391655
909	32.49294490172704	372599217.11774826	543215659.5800879	0.0	0	355338.3036782725
910	43.76793389034791	492495427.17238253	510905187.36945325	0.0	0	469680.23984182597
911	45.95476728615307	553198153.5985135	550732108.5877655	0.0	0	527570.8709702622
912	48.06767591936462	541571298.1893107	496778573.8004036	0.0	0	516482.6375859363
913	38.90728089320235	456204621.8860248	530440347.84011316	0.0	0	435070.6309185263
914	42.173797301048154	489713403.8926649	504720289.44772005	0.0	0	467027.0956923149
915	42.740145809111965	490675319.5749881	540231173.4751097	0.0	0	467944.4499730951
916	42.55641264702043	481079971.24128705	539746396.1720173	0.0	0	458793.61271027284
917	47.382184740667164	542086089.9895415	560988717.4049778	0.0	0	516973.5813041131
918	49.218264669552795	547279854.1214455	508150497.0101532	0.0	0	521926.74076218175
919	28.439580406065136	350526332.8021843	474654082.56643695	0.0	0	334287.9608175128
920	40.47227863977259	501913074.4483721	503305459.1133606	0.0	0	478661.6081699103
921	41.06378164661303	476795195.3672332	544275065.2921293	0.0	0	454707.3320076305
922	44.23113873798506	500798640.10722625	465516109.62331015	0.0	0	477598.8007614387
923	47.86233299652871	537453958.3928523	551791512.9369553	0.0	0	512556.0363701365
924	35.11456410493106	425503922.97170866	479069108.56732786	0.0	0	405792.1628682219
925	31.53949834485651	369548364.31343234	459134907.9898588	0.0	0	352428.78371566033
926	37.21212610326982	424636149.5784386	500415263.6913589	0.0	0	404964.58967059955
927	47.06941470280948	533574576.25503224	534941413.5494641	0.0	0	508856.3692617723
928	40.47345040917622	464627288.10144705	511307504.0537826	0.0	0	443103.1113638373
929	44.61206405148563	510113372.2420247	531921256.5575279	0.0	0	486482.0215625998
930	37.04377764589298	422371183.85251206	466942449.6800024	0.0	0	402804.55003024294
931	46.23397763244683	504151313.8638008	481425441.4348383	0.0	0	480796.1596143728
932	42.19339772907278	470347110.2013176	517063384.95554936	0.0	0	448557.9587948968
933	38.58019916733965	432621262.76702803	498890827.7189202	0.0	0	412579.78703215404
934	32.069562613439075	365149293.9704279	516406369.1463696	0.0	0	348233.50331347255
935	43.723180820023686	504969263.54255337	520973950.74726826	0.0	0	481576.21721511224
936	38.967272780609626	452787554.7873318	482551579.02813244	0.0	0	431811.86178906617
937	44.5577685247504	518801813.0996267	546186579.8561906	0.0	0	494767.96445810964
938	38.66248305861445	452401389.451367	531335219.3445312	0.0	0	431443.5858262701
939	45.94233453185732	527070932.1335943	521836950.1397057	0.0	0	502654.0109001106
940	44.52997919979959	516691554.404071	513451847.17738396	0.0	0	492755.46493918524
941	42.16234984687583	494526571.5888557	542539636.0914909	0.0	0	471617.2901047283
942	39.55666768054943	464523865.5837925	554040214.1646267	0.0	0	443004.47996501205
943	39.17879314707084	461620077.6040444	472330005.0042584	0.0	0	440235.21194843715
944	42.371795639580945	510701515.1233855	528993796.1150726	0.0	0	487042.9183229309
945	32.721306161686854	385296467.29124194	514747126.7591251	0.0	0	367447.34505771834
946	44.69933970400161	506453689.33969235	500641484.4617764	0.0	0	482991.8759724542
947	43.33790985837925	477906546.6818909	470594505.77659905	0.0	0	455767.1992129239
948	45.93983323006005	516343465.8382103	480022452.6947041	0.0	0	492423.50181408896
949	37.72717282327848	429266859.9303373	524073107.08540237	0.0	0	409380.77919992176
950	45.08779449969393	509317031.81002975	537608439.4609814	0.0	0	485722.5721454907
951	36.617261429933976	433925210.62676966	574461361.4583688	0.0	0	413823.3286159228
952	38.99632443219269	437876102.026316	504031515.7139974	0.0	0	417591.19227058033
953	38.562067247574	435356902.8693618	550089607.297327	0.0	0	415188.6967366809
954	43.750578463886015	534674236.82927215	606497361.8066412	0.0	0	509905.0873081894
955	44.36168504883106	504504524.6982503	494216916.2392752	0.0	0	481133.00771546393
956	44.91304313738486	514209889.11813134	548329534.8337269	0.0	0	490388.7644940673
957	44.790294169459244	514166246.15412664	532483929.4451071	0.0	0	490347.1433202043
958	46.941789842694824	512138319.96899146	514867516.73857147	0.0	0	488413.16220187326
959	44.071298413126755	501456070.1300998	561024050.2578305	0.0	0	478225.77488908754
960	44.90520693749205	525457622.42371225	551439942.4072249	0.0	0	501115.43886538706
961	35.39339061492296	389511182.83762556	536630460.6507792	0.0	0	371466.8110252624
962	36.79686279696522	425893808.5501876	495799347.5764485	0.0	0	406163.9867307545
963	32.197744930870805	361138662.1756914	514660680.9826894	0.0	0	344408.6667782701
964	42.654006549984054	483596712.06321925	555489572.8951293	0.0	0	461193.7637932009
965	33.51336258611643	383504726.3798056	523433088.67733055	0.0	0	365738.6077688271
966	41.73126832628268	459090475.17969006	464791621.9378964	0.0	0	437822.7950856114
967	37.683826960193045	433576126.51101726	481480583.13421714	0.0	0	413490.416060464
968	47.09928457298572	522190119.5899577	492856163.53773737	0.0	0	497999.3053340509
969	43.13903322556813	490058120.9887942	503753466.74062717	0.0	0	467355.84353331965
970	42.216773911954256	485192508.37218803	524153625.9293617	0.0	0	462715.63374728017
971	46.88714094263496	550238993.9766165	559756363.2283685	0.0	0	524748.7964407124
972	44.63755261678061	498698987.5178878	542023083.0416473	0.0	0	475596.4160136106
973	37.46240079281303	418957203.43216544	504911239.1634334	0.0	0	399548.72458664456
974	40.744405519423644	454424034.36351407	477610207.62572896	0.0	0	433372.53033019445
975	43.05379702515447	486478227.02306956	494536993.69254637	0.0	0	463941.79060275044
976	44.523163890808114	491342638.7069026	447503775.74859303	0.0	0	468580.8550900486
977	32.302218365060305	360457463.6834548	517636247.24042267	0.0	0	343759.0252718493
978	42.172734162795216	477658775.973825	530779260.86394966	0.0	0	455530.9066522836
979	41.27567246029883	461105977.49178314	507938078.239051	0.0	0	439744.92787531187
980	32.877159544314004	386511645.19054645	507343910.2008283	0.0	0	368606.2290101492
981	45.77111515600623	502208128.1688518	522807634.59061205	0.0	0	478942.99332509213
982	30.63717030155652	345604196.97252554	555998588.3620747	0.0	0	329593.84629490436
983	41.110171455835456	477914773.3066337	525051427.1187272	0.0	0	455775.0447336519
984	40.63404524374647	455595905.4571449	493943844.83264095	0.0	0	434490.11369432934
985	41.77171292815708	476856891.15560305	519941344.23649675	0.0	0	454766.1696964293
986	42.02918762990233	483267776.44515216	485060960.6412407	0.0	0	460880.0663424989
987	41.57543590276905	469829319.7435017	509594123.707259	0.0	0	448064.1553339973
988	40.79088559422458	449543959.7252179	512028745.07405347	0.0	0	428718.5284855058
989	45.010909584468735	508432559.1659031	520244651.44356847	0.0	0	484879.073301223
990	39.01638578875026	440152834.21675843	495285026.1967669	0.0	0	419762.4532859406
991	45.10431779379355	516137211.98241657	516026302.7549285	0.0	0	492226.80280915886
992	40.79382445785379	479411282.41221356	461092473.3600597	0.0	0	457202.22703191167
993	42.648680207944615	498381854.63103455	531557718.99810874	0.0	0	475293.974524531
994	47.13884209296353	537397424.8791474	513588067.90225804	0.0	0	512502.12181010004
995	37.87763713108024	416825208.7384352	511172001.3479795	0.0	0	397515.4960045197
996	40.62098562995891	460666030.01519954	508356111.823022	0.0	0	439325.36126632645
997	29.85898653819619	332954723.5309905	493452342.26209044	0.0	0	317530.36835764936
998	33.134205424242374	387864600.71286386	528833122.6705713	0.0	0	369896.5079430236
999	45.312401171480374	526666269.9144135	546059849.3220251	0.0	0	502268.09493485803
