epoch       	ep_ret      	ep_ret_sa      	ep_ret_bs      	ep_tx       	ep_tx_sa       	ep_tx_bs       	newbytes    	ep_delay   	ep_delay_normal   	ep_throu   
0	30.99101940568124	32.10420550836707	26.53827499493791	1200469136.2127662	512011181.9555601	688457954.2572061	1451394781.2050803	0.0	0	488291.913943825
1	32.25880843273363	32.95867067368235	29.459359468938704	1264325242.1875021	521602755.86219734	742722486.3253051	1466271145.7387762	0.0	0	497439.1516324972
2	32.71880739888901	33.61184003215698	29.146676865817067	1271757931.0174098	530012682.30892617	741745248.7084833	1431506449.7173698	0.0	0	505459.48248760815
3	33.22014442295725	34.45403243994401	28.2845923550102	1329904543.7275155	547819694.26669	782084849.4608253	1508357751.0967379	0.0	0	522441.5724436665
4	32.03005399685742	32.86744028177788	28.68050885717555	1338866238.2184792	526943812.17661536	811922426.0418638	1446505264.972177	0.0	0	502532.779862037
5	32.107997628066734	32.592118319493764	30.17151486235865	1355362776.097954	514371188.99891406	840991587.0990402	1480989947.1264503	0.0	0	490542.5920476092
6	33.20130420241653	34.86223443685736	26.557583264653164	1375171489.237247	523700576.50348043	851470912.7337661	1380637791.2464857	0.0	0	499439.7892985158
7	31.80737271595593	33.244805991056666	26.057639615552933	1484679170.4493785	525169413.2901184	959509757.1592603	1485446667.4446898	0.0	0	500840.58121692477
8	34.028875260683854	34.90902265830079	30.508285670216026	1201043161.8064785	548566431.5238346	652476730.2826434	1408886222.337515	0.0	0	523153.7165869088
9	33.28043839594985	35.029229314932394	26.285274720019622	1479913315.3871474	567547984.5132803	912365330.8738669	1451613159.264756	0.0	0	541255.9361584475
10	30.073476978367417	31.30746277372287	25.13753379694562	1237373097.5087898	498791163.0406179	738581934.468172	1395472340.255296	0.0	0	475684.32144223974
11	31.08314247052577	32.367113694892936	25.947257573057115	1319248648.4154568	517129388.7081477	802119259.7073088	1385388187.8756204	0.0	0	493173.0162698247
12	33.53408746369516	34.744557387910135	28.692207766835203	1269581526.2909863	574434483.8926039	695147042.3983823	1417092698.7208982	0.0	0	547823.413746456
13	29.083127220489544	30.963420240126382	21.561955141942136	1222678329.3285522	507750563.96617174	714927765.3623805	1454902841.7906368	0.0	0	484228.6719953267
14	30.15550452211479	31.507397760934204	24.747931566837057	1289417588.7999043	508557296.7774446	780860292.0224594	1408592406.5604572	0.0	0	484998.0323576398
15	33.40030280858621	34.233822590550815	30.066223680727767	1299626124.150843	547055637.3405838	752570486.8102586	1586544034.9762673	0.0	0	521712.91097696655
16	33.25657071476666	34.54726307502505	28.09380127373309	1357280121.9591484	542101477.5795908	815178644.3795576	1483878278.0871837	0.0	0	516988.25605353434
17	33.26999425310565	34.56170894911382	28.103135469072953	1366028203.3008218	574722712.4324656	791305490.868356	1563268694.2057133	0.0	0	548098.2899021774
18	31.74620163814785	32.796998878913925	27.54301267508353	1414671881.746228	542427879.3565412	872244002.3896865	1588053398.2922158	0.0	0	517299.5370450414
19	31.84229062840734	32.83570991701321	27.86861347398391	1410986993.345756	531760264.4485693	879226728.8971875	1501060987.4654546	0.0	0	507126.1066899963
20	34.6106869084394	35.919661377965916	29.374789030333332	1442942535.2107122	591873046.0060052	851069489.2047075	1441605830.911734	0.0	0	564454.1225490619
21	33.13333118365074	33.69051591402948	30.904592262135765	1266162070.8591132	551647518.9011047	714514551.9580082	1428394435.1321092	0.0	0	526092.0704852147
22	31.82258418941828	33.08325443859298	26.779903192719413	1370572440.0208335	552348440.0050112	818224000.0158218	1495465033.6001346	0.0	0	526760.5209398377
23	30.698565524242152	30.59254764926409	31.122637024154358	1288614298.8123214	504395392.223904	784218906.5884169	1501058903.773597	0.0	0	481028.93087759404
24	28.917473008020238	29.84607252660115	25.203074933696566	1398039729.5847216	475279971.3657809	922759758.2189401	1402898444.708961	0.0	0	453262.30179384304
25	31.39929324262647	31.696669995875908	30.209786229628747	1324844637.1989937	530657435.61564434	794187201.5833496	1550059714.2538638	0.0	0	506074.36715664313
26	29.88883336240294	30.435443051843112	27.702394604642226	1292012338.1753068	516756323.565458	775256014.6098495	1570355385.8802526	0.0	0	492817.2336248949
27	32.29735043322029	33.958249441559	25.65375439986551	1178874396.0012777	579875845.1784197	598998550.8228579	1434075747.0969534	0.0	0	553012.700251026
28	26.996725153085727	26.601729369328616	28.576708288114265	1369008444.8122044	451605269.98138565	917403174.830819	1586139695.1118405	0.0	0	430684.34713495796
29	33.693118285620145	35.956972128306056	24.63770291487656	1324426243.7334788	629758209.9889591	694668033.7445198	1544794034.1241577	0.0	0	600584.2304124444
30	27.34239802923644	28.14051009035102	24.149949784778112	1153149696.4847815	477235976.5262284	675913719.9585532	1520672408.5299075	0.0	0	455127.69367812015
31	29.538411102216195	31.290754961939076	22.529035663324766	1353526120.1591752	546147771.9687912	807378348.1903837	1530965098.649793	0.0	0	520847.1030891335
32	34.16465905628144	35.62805065487036	28.311092661925706	1558079872.6301093	615593754.4677562	942486118.1623536	1529421419.884355	0.0	0	587075.9529759941
33	25.827944235362985	26.115923941980135	24.6760254088944	1074173499.9590597	457888446.6732317	616285053.2858279	1629971301.8006217	0.0	0	436676.45137141406
34	35.69979259627176	37.424130407743206	28.802441350385998	1557944292.851281	660782568.0995317	897161724.7517496	1615675634.165482	0.0	0	630171.3639254873
35	32.168577982513796	33.18268650095078	28.112143908765855	1279862125.466374	582001846.6187689	697860278.8476051	1689568086.035606	0.0	0	555040.2132213294
36	30.871678054713254	31.321831833159713	29.0710629409274	1188694718.448706	551214189.1454952	637480529.3032109	1595529762.1406095	0.0	0	525678.8150267553
37	30.798162617078496	30.896523205819538	30.40472026211431	1265034600.3857746	536666429.1148682	728368171.2709064	1500925291.6667953	0.0	0	511804.98992430506
38	30.3329306420655	31.864821153120868	24.205368597844068	1267708157.0847867	563956819.8374501	703751337.2473369	1661378491.703088	0.0	0	537831.1346411231
39	30.6684202452552	31.140815390618084	28.778839663803677	1357628236.0392022	546386788.2301068	811241447.8090956	1591590926.965369	0.0	0	521075.0467587536
40	30.917217123974456	31.858524974079753	27.1519857235533	1206556475.4338934	563855327.1893016	642701148.2445917	1573748742.4818256	0.0	0	537734.3437092796
41	29.473954500829702	30.78095333423287	24.24595916721702	1453512440.767078	542277107.8365802	911235332.9304972	1510160958.8392372	0.0	0	517155.75011880876
42	27.732211117424505	26.954414429399	30.843397869526473	1252346717.0036159	474439222.91078705	777907494.092829	1546149310.2017908	0.0	0	452460.5015857573
43	33.45899181634907	35.54952023016568	25.096878161082614	1415084366.6852293	630796421.7773002	784287944.9079295	1623905680.3710196	0.0	0	601574.3463299754
44	28.627610011576916	27.82269367198804	31.84727536993242	1249867101.9145644	494739414.74544626	755127687.1691182	1656973250.1997528	0.0	0	471820.2731565917
45	30.234106296587047	31.068202141346493	26.89772291754925	1158388146.412991	552662211.6621106	605725934.7508806	1565467716.3130956	0.0	0	527059.7569104295
46	32.4563011660456	33.78731423233539	27.132248900886424	1442769527.6411397	603390771.096456	839378756.5446838	1551885314.5523891	0.0	0	575438.2811512531
47	29.863195534858573	30.457979535034646	27.48405953415427	1246628506.3090084	541736341.9679121	704892164.3410959	1593632409.7397149	0.0	0	516640.035598671
48	33.90236878725841	34.6140092229044	31.055807044674417	1402350152.215886	616740707.8162347	785609444.3996512	1587118066.783755	0.0	0	588169.7729265544
49	24.813838961970106	23.75603300876248	29.04506277480061	1185971271.220735	423991279.8043952	761979991.4163401	1587854704.5283804	0.0	0	404349.59392966767
50	32.519777608936245	34.42081102175538	24.915643957659714	1213959628.487578	612344254.7020578	601615373.7855198	1574620364.1510801	0.0	0	583976.9885082796
51	31.63863556399223	32.61482160781611	27.733891388696673	1279447248.6099842	578670051.864094	700777196.7458901	1562815086.8315232	0.0	0	551862.7661362592
52	27.83103015008471	28.726702292830286	24.24834157910248	1055828648.614161	509805228.430389	546023420.1837724	1569940025.1572595	0.0	0	486188.15272368334
53	31.731848692978534	32.617605709947895	28.18882062510108	1448082707.788729	577557413.3047234	870525294.4840058	1718468736.6330814	0.0	0	550801.671318744
54	31.3878286785145	33.20821534091813	24.106282028899937	1275494458.0976956	591164034.3357761	684330423.7619196	1579838598.6491308	0.0	0	563777.9563291323
55	38.645611904624225	41.54336790901731	27.05458788705184	1375925941.7791197	738176356.9964957	637749584.7826242	1532657167.4757698	0.0	0	703979.8326458891
56	25.21191226457267	24.47505339690587	28.15934773523985	1136503313.9955468	434932881.6831535	701570432.3123935	1624729954.835805	0.0	0	414784.3186217817
57	34.57317845239863	36.18970269503199	28.107081481865215	1455834931.3861246	643737209.4028009	812097721.9833238	1630764958.7826264	0.0	0	613915.6431224829
58	27.219556068570377	27.888175889919104	24.545076783175535	1300611229.5162835	498802782.17054015	801808447.3457434	1543853987.0006626	0.0	0	475695.4023080255
59	31.188212685396085	32.47113853055484	26.05650930476106	1061848747.8156986	577467446.7839073	484381301.0317917	1517281984.1548855	0.0	0	550715.8725585054
60	33.2221384492739	32.984281941396034	34.17356448078526	1504814038.20782	584513471.9855218	920300566.222298	1657051463.0243034	0.0	0	557435.485826036
61	33.493154849631885	34.92513419161573	27.765237481696538	1453058384.3352501	620626373.2949073	832432011.0403435	1516467039.2100325	0.0	0	591875.432295711
62	24.793173577795926	23.924272791952575	28.26877672116929	1488419742.4973857	426971215.4515246	1061448527.0458609	1546221859.6577165	0.0	0	407191.48202087835
63	34.802640206916664	37.219826044385314	25.13389685704206	1288754047.9591982	660131716.7914344	628622331.1677643	1558678513.8419354	0.0	0	629550.6637491555
64	28.977141755725718	29.25472064903308	27.86682618249629	1357290146.9277136	521695622.9182711	835594524.0094426	1641037463.6706061	0.0	0	497527.71655871486
65	26.548907608843585	26.05400244102153	28.52852828013179	1359770486.7670085	461077408.6960132	898693078.0709955	1619851274.698152	0.0	0	439717.6825485356
66	31.78352967300592	33.38857475456274	25.363349346778588	1393649164.0166557	593702590.9187002	799946573.0979553	1641184794.1176517	0.0	0	566198.912543011
67	31.37803409820944	32.08663796240763	28.543618641416682	1418058209.6810892	568710287.2136576	849347922.4674312	1664654528.6042066	0.0	0	542364.3943916871
68	37.25022943319454	39.12102784514053	29.767035785410556	1473141515.4850428	695612081.8463856	777529433.6386575	1613353641.70007	0.0	0	663387.3766387798
69	31.19383855625532	30.811528215744314	32.72307991829931	1433222260.7549922	547803020.063444	885419240.6915481	1682707315.447059	0.0	0	522425.67068428383
70	30.18864485151125	31.415698127130497	25.28043174903424	1203396172.2611504	561858567.7874573	641537604.4736929	1548440653.4131877	0.0	0	535830.0855516981
71	31.44489198775	32.05615332765763	28.999846628119464	1285391731.0336018	566621607.4811305	718770123.5524714	1576216694.018089	0.0	0	540372.4741755774
72	28.81447119899848	29.548676523061282	25.8776499027473	1366227011.499181	521154945.31900245	845072066.1801791	1539490926.8289711	0.0	0	497012.08621883654
73	32.72141814076562	34.9801590917297	23.686454336909243	1354329017.5711036	619134518.1997765	735194499.371327	1667765754.5428479	0.0	0	590452.688407685
74	33.454444051658164	35.92093235068839	23.588490855537255	1460514331.5707033	633662529.0861648	826851802.4845386	1571925710.4859416	0.0	0	604307.6792585037
75	31.895460384602227	32.69028814930666	28.71614932578448	1273796970.594609	581983148.4489826	691813822.1456271	1641801110.2458203	0.0	0	555022.3812570404
76	31.017243011077234	30.963917458444598	31.230545221607844	1292775714.658667	550333912.9331299	742441801.7255375	1615511225.6676476	0.0	0	524839.3182116796
77	33.9492822755726	34.50639525367436	31.720830363165497	1529201985.6083207	613625708.4621747	915576277.1461458	1648684716.8570206	0.0	0	585199.0780469652
78	33.39997732786899	35.12392377244917	26.50419154954828	1222857130.3964262	619740351.0212821	603116779.3751442	1605518920.6519704	0.0	0	591030.4556095907
79	31.45316592476138	31.472052160156018	31.377620983182833	1337086911.7978685	553935899.026348	783151012.7715204	1610842673.4485085	0.0	0	528274.4398368341
80	30.377108334539013	30.915473243538827	28.223648698539776	1320279267.9940526	540006621.7871584	780272646.2068939	1569769092.5098999	0.0	0	514990.4458877164
81	29.153254217104784	28.92721908620031	30.057394740722643	1420280071.0054443	510273980.72936165	910006090.2760825	1678026873.6905022	0.0	0	486635.18975196994
82	26.787742238520476	25.909410163236696	30.301070539655534	1139656792.3926659	457927378.40228003	681729413.990386	1642945402.5791159	0.0	0	436713.5795615006
83	30.32760905876313	31.11726418908615	27.168988537471062	1132590626.5381508	539341167.8991135	593249458.6390373	1576331825.5092013	0.0	0	514355.81960593566
84	33.29028583353608	35.351809796667986	25.044189981008497	1680112327.8164885	620773264.818647	1059339062.9978408	1552887269.1533616	0.0	0	592015.518969199
85	37.60496895556571	40.534768842306846	25.885769408601174	1552992555.0997856	711647884.1915281	841344670.9082569	1629720683.7066007	0.0	0	678680.3094783099
86	28.011980848990344	27.81008357770325	28.819569934138713	1351796423.6150265	489451652.64683634	862344770.9681904	1622693051.583058	0.0	0	466777.4702518808
87	25.85377590324922	24.368119622748438	31.796401025252344	1197918417.8569355	431548711.55023974	766369706.3066957	1724875851.0998886	0.0	0	411556.9224836728
88	31.61968440769612	33.145313975985644	25.51716613453798	1555994164.92102	587197438.6864902	968796726.2345294	1607530269.610859	0.0	0	559995.1159348395
89	31.02516644360039	32.465988702560665	25.26187740775927	1204488219.6709645	572727939.7457119	631760279.9252526	1567083884.6586373	0.0	0	546195.9264237516
90	28.461631110105856	27.978665021263364	30.39349546547583	1255534362.8308134	492838401.0297809	762695961.8010318	1616991729.6805997	0.0	0	470007.3252008255
91	30.96734565658589	32.1143712709454	26.379243199147826	1456555370.3913596	570296574.1241819	886258796.2671772	1593362128.0399292	0.0	0	543877.1954767057
92	34.347983906884274	35.79638114697331	28.554394946528006	1462554062.2735953	626959456.6048838	835594605.6687108	1682306570.7625074	0.0	0	597915.1311920969
93	34.25961356082805	34.92857213740069	31.583779254537397	1544968726.2699575	616249610.7228961	928719115.5470613	1562121896.5142202	0.0	0	587701.4262417756
94	30.313274917988497	31.16007516149449	26.926073943964504	1115639298.1331565	535332065.4213643	580307232.711792	1482271515.2706528	0.0	0	510532.44154106546
95	28.73990667358252	29.335302050268083	26.358325166840256	1122390766.0041132	509953044.89027536	612437721.1138378	1493032651.690784	0.0	0	486329.12148501904
96	31.991943484263256	32.71069271715515	29.116946552695687	1529078028.8822873	568865466.3697833	960212562.5125036	1547415706.1928842	0.0	0	542512.3847673257
97	32.721649915236206	33.5361828535565	29.46351816195507	1359838991.1264112	578841197.9744235	780997793.1519876	1489481008.3780558	0.0	0	552025.9837860334
98	31.988449656536776	33.39742588187749	26.35254475517394	1286377964.1897588	566921795.5586954	719456168.6310635	1553813695.6598876	0.0	0	540658.7558352427
99	22.601154915866317	21.13096745256889	28.481904769056	1392270740.2643526	360243065.5239643	1032027674.740388	1522588392.5120506	0.0	0	343554.5592536584
100	36.81608025950641	39.73667596661569	25.13369743106922	1460648162.157543	679148263.4222485	781499898.7352945	1495497447.2391827	0.0	0	647686.2558577046
101	31.433596045140224	32.31319719604015	27.915191441540458	1314835433.2949169	552601580.3346026	762233852.9603144	1663048116.3866012	0.0	0	527001.9343706155
102	29.19570954814827	29.738224619652645	27.0256492621308	1245295380.2806778	517962604.39109296	727332775.8895849	1684311940.4519563	0.0	0	493967.6326666765
103	31.011928512775665	31.330777041852084	29.73653439647	1125819730.59178	534056605.8094418	591763124.7823381	1542857059.512219	0.0	0	509316.06846756145
104	34.27808669824693	35.67406286544812	28.694182029442157	1364028728.5548804	603972514.7389948	760056213.8158855	1475919032.8712819	0.0	0	575993.0751218747
105	32.51423887677739	33.843073691372766	27.19889961839593	1218154660.7953842	579900008.666186	638254652.1291982	1461434753.3413298	0.0	0	553035.7443487033
106	32.38372258189208	34.09460988919197	25.540173352692516	1550539623.6743689	577589481.5801082	972950142.0942601	1521752736.0723732	0.0	0	550832.25400935
107	33.51672962319224	35.57858156730036	25.269321846759762	1130280019.7821238	601927665.0874078	528352354.6947159	1511790341.2534115	0.0	0	574042.9545282439
108	30.500190945840075	31.222870466401925	27.609472863592583	1396531716.3600633	533242956.06876194	863288760.2913007	1535693822.0399532	0.0	0	508540.1116073244
109	31.61725495637705	32.67198910459424	27.398318363508313	1332596677.5949192	547259377.5189219	785337300.0759971	1533843030.445108	0.0	0	521907.2127522678
110	35.835195318843745	37.460340757231	29.334613565294745	1302595894.153332	625639782.0190446	676956112.1342876	1594691711.6820307	0.0	0	596656.5914335678
111	29.225144496408575	28.87892363315932	30.610027949405588	1302145083.6173182	488100098.63772655	814044984.9795916	1507974621.1853821	0.0	0	465488.527906157
112	31.827040306492627	33.49716754305762	25.14653136023268	1352164565.1499233	558288246.8862181	793876318.2637053	1488671525.344741	0.0	0	532425.1622068578
113	28.248434660249842	28.020451191133905	29.160368536713605	1244584814.0600784	456003517.3036322	788581296.7564458	1505519327.7689552	0.0	0	434878.84264338703
114	34.225772005487045	35.893706292251856	27.554034858427816	1251199885.609709	585872177.7372432	665327707.8724662	1442987801.2016158	0.0	0	558731.2486050061
115	28.22746862755642	28.852293905659074	25.7281675151458	1296352870.0995142	460354416.7803445	835998453.3191702	1509232431.4860592	0.0	0	439028.18372759275
116	33.06007122149691	34.222105099375746	28.411935709981584	1330512482.6916966	543556046.3642427	786956436.3274536	1391231285.180776	0.0	0	518375.44094490306
117	33.76219890459804	34.69023754656111	30.050044336745817	1361015197.315012	557146862.1946601	803868335.1203514	1477039390.245202	0.0	0	531336.6529413796
118	30.743735711882856	31.364671942606442	28.259990788988496	1172138474.7200825	509715747.77465147	662422726.9454309	1434082774.7190464	0.0	0	486102.81732049136
119	32.95403867508531	34.38133878635063	27.244838230024005	1356291153.0062747	518014910.47144616	838276242.5348285	1402143470.8695138	0.0	0	494017.5156321012
120	29.93723012590399	29.738078377808684	30.73383711828521	1344067393.4570498	457471753.5172474	886595639.939802	1392529986.2704084	0.0	0	436279.06181072944
121	28.86956759134946	28.10339728709211	31.934248808378886	1192846636.3182323	436934133.5485976	755912502.7696347	1437928205.7690685	0.0	0	416692.86112651596
122	34.784151774028494	37.48868430528684	23.96602164899515	1220249823.154516	591517793.799161	628732029.3553553	1431567587.8037763	0.0	0	564115.327643548
123	34.10399664983819	35.184121201837215	29.783498441842102	1080911073.0743012	531319366.9891143	549591706.0851867	1364036330.0330982	0.0	0	506705.6341067448
124	37.01643526388279	38.188182554327724	32.32944610210302	1417459634.143059	595104783.9988465	822354850.1442127	1381695093.0747607	0.0	0	567536.1480701888
125	32.54121096942949	33.69186833845286	27.93858149333594	1134605654.5236065	537510111.9008002	597095542.6228061	1450722069.374377	0.0	0	512609.58852844266
126	38.9841057247619	41.34126160691822	29.55548219613662	1607535539.4645185	634806326.4521401	972729213.0123789	1421672155.4782205	0.0	0	605398.4894296075
127	27.814214679568106	26.358397542793412	33.6374832266669	1216224744.4550517	405733868.2022295	810490876.252822	1401517254.5333858	0.0	0	386937.96940062445
128	32.02683295447367	33.41492255926156	26.47447453532208	1263399481.717671	514691876.4704023	748707605.2472683	1328354978.9949744	0.0	0	490848.4234527612
129	33.557925228263265	36.37218312496089	22.3008936414727	1140336518.8056161	558946247.6657064	581390271.1399096	1417989984.8305616	0.0	0	533052.6806504311
130	36.91377265292082	38.8958665157294	28.985397201686464	1464796047.0270667	594472527.8341478	870323519.1929195	1432080148.175717	0.0	0	566933.1816045264
131	38.12220013125577	40.43952683136961	28.852893330800384	1322778124.9302137	623340431.9184152	699437693.0117984	1470098188.9269788	0.0	0	594463.7602981712
132	30.300592586252375	30.669545339402397	28.824781573652256	1258360619.4811368	465638668.35534817	792721951.1257885	1350712074.4833744	0.0	0	444067.63873610337
133	32.14083908039447	33.21705433177898	27.835978074856346	1107045118.1830208	508809802.810908	598235315.3721132	1266805536.9526772	0.0	0	485238.84087649133
134	33.9873120921577	34.00689138479298	33.90899492161653	1425432017.928955	518787590.2670521	906644427.6619029	1364562943.2291868	0.0	0	494754.4005079768
135	35.314350875803626	36.986239516404986	28.62679631339813	1535884233.1087072	573781751.6390969	962102481.4696099	1439329313.4831026	0.0	0	547200.9197607965
136	28.836530747215747	29.192459723484113	27.412814842142264	1100434227.7088518	450857153.1335321	649577074.5753198	1379436484.457764	0.0	0	429970.88731148915
137	37.72500813463772	40.12405702587296	28.128812569696777	1705216713.5316088	616965084.1655346	1088251629.3660736	1421640563.7668529	0.0	0	588383.7548880908
138	35.34496845931434	36.955238682049306	28.903887568374465	1068894682.5409739	562335448.9604032	506559233.58057034	1339059113.5545702	0.0	0	536284.8748783143
139	34.515064785635495	37.19263273548709	23.804792986229113	1414360623.5181615	561149944.2555897	853210679.2625716	1393214021.586277	0.0	0	535154.2894893549
140	32.0415055909176	33.612343340376576	25.758154593081645	1340677116.1394584	497787634.5970427	842889481.5424153	1385680093.1745923	0.0	0	474727.28213981906
141	41.110754224179516	43.971828094269654	29.666458743818882	1336742512.6845117	652772946.5104758	683969566.1740363	1360539162.5905616	0.0	0	622532.7935318716
142	36.655048470206445	39.4759551956801	25.371421568311767	1370498503.562073	584806535.4309384	785691968.1311346	1251308250.6545477	0.0	0	557714.9729070074
143	35.230678317997324	37.1376138144323	27.60293633225737	1150744081.316596	550932748.0751055	599811333.2414907	1338604163.7620556	0.0	0	525410.411906343
144	33.774270450807734	34.398645183214065	31.27677152118243	1360067566.4772327	495847255.7649803	864220310.7122523	1337103330.8304834	0.0	0	472876.7926835825
145	31.640289176903526	32.11745252822402	29.73163577162159	1409152932.2970548	471538458.15558964	937614474.1414648	1392472214.5873709	0.0	0	449694.11674078915
146	37.33101408824887	39.99751941788041	26.66499276972272	1400892675.4159863	566037912.5275874	834854762.8883988	1379138732.4373362	0.0	0	539815.8192897678
147	33.35172541542299	34.77170362705857	27.671812568880647	1322088368.9111135	500560937.086178	821527431.8249353	1314530861.4176776	0.0	0	477372.10949533293
148	37.272763101488536	39.19534754316135	29.58242533479735	1476452987.9433274	564989216.334188	911463771.6091398	1279313348.1121364	0.0	0	538815.7046644096
149	30.576669078063034	31.580111158959376	26.56290075447762	1297440383.340162	456024058.1122404	841416325.2279215	1332487092.5221763	0.0	0	434898.4318849947
150	32.955200525828815	34.99667719261405	24.789293858687813	1405032594.4317756	511780949.70215094	893251644.7296246	1331268548.2874525	0.0	0	488072.3473569399
151	35.72705749947504	37.105235143868526	30.214346921901075	1238559372.4663272	547006758.3542794	691552614.1120479	1223651005.2420025	0.0	0	521666.2963431161
152	37.86609553118319	39.6878601776217	30.579036945429042	1392524686.8420632	554181266.4749804	838343420.3670832	1271292561.3215044	0.0	0	528508.4404706766
153	30.58812778831921	30.504796541690155	30.92145277483546	1271569531.4613075	436734590.83514535	834834940.6261624	1359687408.9671798	0.0	0	416502.56236567063
154	32.065732766886015	33.38978545136131	26.769522028984806	1408516883.4957864	459880363.3541962	948636520.1415902	1265639506.942097	0.0	0	438576.09115047083
155	32.24319689329377	33.345437396284574	27.83423488133054	1357142183.752472	477656954.95242757	879485228.800044	1237708346.7809715	0.0	0	455529.16999094735
156	34.16176559729471	36.104198842338675	26.39203261711874	1206258296.1799815	508056659.92576647	698201636.2542149	1260393498.1218467	0.0	0	484520.58785034786
157	31.34508477525362	32.46889410927728	26.84984743915902	1325184171.2966516	464820546.5592613	860363624.7373898	1250498350.858853	0.0	0	443287.41699148307
158	26.17512332079194	25.707819423480995	28.04433891003572	1203390487.638321	357697978.270454	845692509.3678669	1282876153.6519125	0.0	0	341127.3749069728
159	35.09747827901464	36.29662118924137	30.300906638107676	1270941296.1884732	512264279.8485164	758677016.3399571	1332048337.9908404	0.0	0	488533.2869038737
160	30.01200123419017	31.351429448339783	24.654288377591666	1088270646.9160376	439187743.38678205	649082903.5292553	1221609767.771827	0.0	0	418842.0709483931
161	33.61973394944456	34.20221428443902	31.28981260946672	1265492948.9055152	461850305.3535599	803642643.5519556	1226090458.378301	0.0	0	440454.77424007404
162	38.049267861992575	39.70568882453841	31.42358401180923	1364660414.4979224	520594143.98053783	844066270.5173843	1149650739.222729	0.0	0	496477.2643857363
163	29.63295614426172	29.580650811292067	29.842177476140392	1351887566.5650218	396741421.1327364	955146145.4322854	1268604952.5127282	0.0	0	378362.1035888066
164	38.80055849907845	41.796468120489926	26.816920013432522	1375994817.9756758	560729179.8995098	815265638.0761664	1207555767.0106452	0.0	0	534753.017329702
165	30.08174999602792	30.947026192161353	26.62064521149419	1632034567.4946294	410324963.15785253	1221709604.336776	1196464711.2143044	0.0	0	391316.37874398497
166	36.928406207708306	39.132094546033564	28.113652854407338	1555598562.014125	512136291.31626576	1043462270.6978589	1186303428.6117132	0.0	0	488411.22752787184
167	38.446473170272995	40.425789461114526	30.529208006906853	1237706319.711889	509994958.59857166	727711361.1133174	1171419391.4570856	0.0	0	486369.0935121265
168	26.64995274714664	26.053815089919233	29.03450337605621	1223455791.4676082	337351205.29848164	886104586.1691265	1247183957.3818066	0.0	0	321723.1801018539
169	32.12171005512826	32.41441436097311	30.950892831748853	1135736254.098399	410981471.12023616	724754782.9781628	1091943363.2902448	0.0	0	391942.473526226
170	27.18674829122516	26.85765432326456	28.503124163067515	1417169578.973586	337997618.85994005	1079171960.1136465	1225746918.2946954	0.0	0	322339.6481131936
171	29.081607601724443	29.40219683113289	27.799250684090623	1245576750.6523054	381307898.91224855	864268851.7400562	1167578206.1643982	0.0	0	363643.5498354421
172	34.67129457637329	36.52489286729854	27.256901412672335	1416405483.579215	465597191.7962952	950808291.7829198	1127652393.6215684	0.0	0	444028.0836070017
173	35.27939527324491	37.389337488200475	26.83962641342264	1106271485.737442	483451431.2752825	622820054.4621594	1229470301.0708368	0.0	0	461055.2132370782
174	37.73095492432381	40.76393286425556	25.599043164596747	1642684454.1629937	507812007.7460708	1134872446.416923	1134145022.0237415	0.0	0	484287.2693501194
175	34.577814152192325	35.454828902939866	31.06975514920219	1155027261.5493891	447809145.1461746	707218116.4032143	1131129799.3047664	0.0	0	427064.0803777453
176	34.68473592784039	35.7845393126255	30.285522388700027	1146408595.452852	453635195.24374706	692773400.2091048	1113240277.9567804	0.0	0	432620.234721896
177	33.95267526327172	34.81370296095878	30.508564472523453	1262382203.1174066	430757614.0198359	831624589.0975713	1129982132.2472403	0.0	0	410802.4730871541
178	36.76043164511478	38.387109578671954	30.253719910886108	1467438712.3442566	490232506.04262066	977206206.3016365	1127152257.1339884	0.0	0	467522.15008031897
179	31.666361933361397	32.35263522463543	28.921268768265275	1120098568.5061274	389522557.5970445	730576010.9090828	1073724134.1074282	0.0	0	371477.6588411757
180	32.77200542097154	33.47303125973867	29.96790206590309	1146263976.4857228	402112104.85069305	744151871.6350299	1101629055.1924665	0.0	0	383483.98671216314
181	38.835694374599136	41.16238022480663	29.52895097376923	1155223358.3474145	477755800.090443	677467558.2569714	1095495555.0992038	0.0	0	455623.4360603743
182	37.1996712191699	38.19121514574828	33.23349551285635	1278289825.8604515	450276925.53806585	828012900.3223852	1054533965.5998127	0.0	0	429417.539156023
183	38.59693234250179	40.74975740525896	29.9856320914732	1220442408.515842	489059633.5406695	731382774.9751734	1121900262.4625425	0.0	0	466403.6116987891
184	37.641360034545876	40.11714660014993	27.7382137721297	1372790136.3390613	463215708.2733014	909574428.06576	1069871804.8398769	0.0	0	441756.9239361776
185	38.222252127143925	40.48462485673747	29.172761208769685	1384537167.4268546	462228555.6581224	922308611.7687321	1002990990.6378793	0.0	0	440815.50184070825
186	29.81539367504311	29.751365323884524	30.07150707967744	1248529715.3640027	339324417.4513769	909205297.9126252	1022776724.5454291	0.0	0	323604.981852891
187	33.633215509565105	34.44360560065207	30.39165514521725	1338396410.7076042	405832349.80120564	932564060.9063985	1005401340.9404248	0.0	0	387031.88877220696
188	39.6075506341301	43.7608357873357	22.994410021307683	1204284410.387001	508262867.6333632	696021542.7536376	1078492635.4090233	0.0	0	484717.24284492794
189	40.54291733174322	43.55990788130094	28.474955133512353	1398602744.3593993	500427727.01300776	898175017.3463918	1050763681.5852652	0.0	0	477245.0704698637
190	38.90874129226608	40.81276479631149	31.292647276084406	1346820293.9959083	474045724.9423766	872774569.053532	1034951749.8665994	0.0	0	452085.2326797261
191	37.62733637655397	39.69487175310613	29.35719487034535	1353973769.4193633	460020568.40500516	893953201.0143577	960530431.1783082	0.0	0	438709.8011064579
192	31.16789253584444	31.52346278440339	29.745611541608767	1240411487.931676	367271619.7486733	873139868.1830031	1028453396.3149769	0.0	0	350257.5108992321
193	35.71873843802994	37.028970050953255	30.477811986336675	1370936387.5398061	434780201.38351595	936156186.1562899	1040185291.6112266	0.0	0	414638.7113413963
194	28.504865548217822	28.510737778625163	28.48137662658848	1190442839.0729954	328570872.4270232	861871966.6459718	1134622264.321835	0.0	0	313349.6021528466
195	30.0651393679162	28.84863349335329	34.93116286616788	1275077578.76529	339084036.6595437	935993542.105746	1066631539.2093468	0.0	0	323375.7368655622
196	41.7427445319112	43.64976801651064	34.11465059351345	1344527795.082137	494243550.58618844	850284244.4959488	1008693594.7813271	0.0	0	471347.380243481
197	27.737198118001096	27.32007149112491	29.405704625505816	1188581748.564545	313467306.17482954	875114442.3897152	1063445531.1682912	0.0	0	298945.7189319892
198	37.67344505218306	39.733085847369786	29.434881871436104	1163754531.7299116	454646487.16843504	709108044.5614762	1011834409.0670114	0.0	0	433584.67785686016
199	34.494304301366604	35.14581391185137	31.888265859427513	1307333407.9778244	408694502.4490061	898638905.5288181	1057311850.6906457	0.0	0	389761.45024204825
200	39.33077289660458	42.101227176607715	28.24895577659197	1299792769.969669	480134739.0214712	819658030.9481981	1030848349.0584958	0.0	0	457892.1690191948
201	39.57871966006986	41.79758171118462	30.70327145561081	1158484607.203082	506475458.03411686	652009149.1689651	1079786864.6099014	0.0	0	483012.6362172288
202	33.26609841607712	34.57792618190453	28.018787352767454	1098185001.8141649	406240312.7922063	691944689.0219588	1094286531.4672632	0.0	0	387420.95259876846
203	41.43648488317076	43.73515190313317	32.241816803321065	1541308354.8893597	496067431.2242532	1045240923.6651069	1045746815.8186761	0.0	0	473086.76836419397
204	38.681982866098025	40.738771153490354	30.454829716528767	1251569472.7563186	480521438.9096888	771048033.8466299	1069013573.131522	0.0	0	458260.954770745
205	33.61761492896424	34.286558373851705	30.941841149414323	1384869094.8315504	397170555.241709	987698539.5898421	1080791353.12632	0.0	0	378771.35776682757
206	32.50744285427482	33.02638559149398	30.431671905398233	1221060940.6001985	376441161.6534148	844619778.9467834	1093070518.4537868	0.0	0	359002.26750699495
207	38.200427642771736	39.84502576908356	31.622035137524364	1186984143.1104739	465391697.3210119	721592445.789462	1005487767.2533219	0.0	0	443832.1088037604
208	34.96744231193231	37.779811718540515	23.71796468549944	1327214681.5424933	436653711.10848135	890560970.4340115	1046343522.5206403	0.0	0	416425.4294476331
209	30.68306465992127	31.218417177128938	28.541654591090605	1231011348.2655814	380018774.630948	850992573.6346334	1068731792.8119248	0.0	0	362414.14511771005
210	41.342069663201706	44.989723085854614	26.7514559725901	1453190723.094549	537660249.7775476	915530473.317001	1116963850.7078187	0.0	0	512752.7711654164
211	26.45847822024113	24.322341352580697	35.00302569088282	1062276792.3297111	297027940.0522278	765248852.2774832	1062370836.1056241	0.0	0	283267.917682865
212	42.27087943592313	44.76271740920699	32.3035275427876	1499301784.9328284	527205028.80735385	972096756.1254747	1126203128.9450943	0.0	0	502781.89545379026
213	37.472409538319155	39.672949961291934	28.670247846428058	1322927312.2370682	470210259.3297045	852717052.9073642	1101722719.4317803	0.0	0	448427.44763346156
214	31.85712537490065	32.907249497846415	27.65662888311758	1073534459.2867259	390659720.82282776	682874738.4638983	1067272504.96136	0.0	0	372562.1422031668
215	38.01090644368533	40.11477147745116	29.595446308621987	1261461859.963963	477866510.7568607	783595349.2071022	1088888465.6597974	0.0	0	455729.017979489
216	44.36409825989616	47.841023165207005	30.456398638652757	1589172844.3961241	578245272.0695841	1010927572.3265399	1150138489.177738	0.0	0	551457.6645561068
217	32.41376772502343	33.460276277885136	28.22773351357662	1300992153.1436331	402848455.46392727	898143697.6797059	1045383600.2634435	0.0	0	384186.2253798744
218	36.666013336023774	38.75760379185774	28.299651512687877	1263137535.511718	436845209.0397356	826292326.4719825	986725422.7332913	0.0	0	416608.0561063152
219	36.91432412290317	38.90294972451682	28.95982171644848	1201319857.5709264	435696118.6663099	765623738.9046166	1001525756.2978687	0.0	0	415512.19812994974
220	32.97168680902057	33.56236496064194	30.608974202535087	1053170581.3690727	368581497.8855605	684589083.483512	1000099595.6762849	0.0	0	351506.7080360036
221	44.18104106277728	47.735459210245274	29.963368472905362	1338259006.2865555	526511808.24488115	811747198.0416735	1026131798.0169103	0.0	0	502120.7888077558
222	24.90553602605344	24.10989664905632	28.088093534041843	1370239050.4082491	263798538.6110274	1106440511.7972217	1008607355.0705656	0.0	0	251577.89097883936
223	43.69908289111735	47.21947439006723	29.617516895317884	1188003817.7604342	517874687.31377786	670129130.4466562	987418352.4511162	0.0	0	493883.7884080676
224	31.20104130747127	32.174551011612365	27.307002490906896	1301575847.1497307	352226864.7243162	949348982.4254147	1046350196.3381803	0.0	0	335909.7144358789
225	33.9261613799323	35.145133145042344	29.050274319492193	1262401799.1755931	377871025.407637	884530773.7679563	918876174.1223118	0.0	0	360365.89184535685
226	38.28174243424877	39.03484446077057	35.269334328161555	1303851743.1128366	433819940.7775571	870031802.3352793	1015761261.16734	0.0	0	413722.9354644368
227	39.48479127470764	41.77882469950576	30.308657575515088	1447069311.5407512	466614826.2499504	980454485.2908006	979747486.9846088	0.0	0	444998.57544894284
228	26.570348074552108	26.591675416999173	26.485038704763838	1269641327.3668082	296532436.0690183	973108891.2977899	1013889190.3689677	0.0	0	282795.36826040095
229	25.779049336439545	24.764867572770207	29.83577639111693	1156203444.4873893	272367888.5938727	883835555.8935164	926324938.0025098	0.0	0	259750.25996577519
230	27.967897513199162	27.67954058460657	29.12132522756949	1381105800.4822109	308669191.21000475	1072436609.2722065	1039487541.7523116	0.0	0	294369.8799228714
231	32.63896341357285	32.49831035359479	33.201575653485136	1303572661.0704908	352936322.168854	950636338.901637	954056168.6315124	0.0	0	336586.3057793177
232	40.087360850157616	41.52102661906662	34.35269777452169	1285506049.08897	468055251.10218215	817450797.986787	1062260123.5364261	0.0	0	446372.27163522947
233	37.54154891634926	38.92098714245187	32.0237960119387	1149135374.151791	436691914.5992951	712443459.552496	1029005339.8431095	0.0	0	416461.86313561955
234	38.333109374796116	40.784609805062864	28.527107653729082	1348354686.9197211	453413747.5968008	894940939.32292	992838506.2970064	0.0	0	432409.0457885749
235	38.1480398049211	40.21781459102487	29.868940660506052	1390938049.4683692	453400291.1529341	937537758.3154349	983501190.6961128	0.0	0	432396.21272366913
236	32.73045565582034	33.161648653072	31.005683666813816	1287391839.3169386	376777631.3959805	910614207.9209578	1009093404.7525955	0.0	0	359323.1500587277
237	39.70916671802783	42.75600307020975	27.52182130930021	1395834623.24356	480346525.48882514	915488097.7547351	1066433988.626909	0.0	0	458094.1443336726
238	38.04745493192963	40.91554468083655	26.57509593630194	1311631917.905894	466844596.7260044	844787321.1798894	1073056620.2338166	0.0	0	445217.7016506238
239	35.08930100101742	36.66437610543944	28.78900058332926	1411673762.075418	411915383.63306725	999758378.4423513	1019155845.9853768	0.0	0	392833.1219034837
240	40.14230722003793	42.23678432099377	31.764398816214445	1498445776.2892911	469320556.65464544	1029125219.6346455	1008158420.6159246	0.0	0	447578.96104301966
241	42.28992118093258	45.10439475111996	31.032026900183123	1416987367.1012378	494809081.3441451	922178285.7570927	966021596.5627652	0.0	0	471886.7124024822
242	39.98364093116346	42.20727225250882	31.08911564578197	1352453656.068084	465735063.1501011	886718592.9179833	979009438.6583269	0.0	0	444159.56797609426
243	32.059180719204235	31.96683828953509	32.428550437880844	1193815316.6466515	351468188.21203583	842347128.4346156	1030324310.5932242	0.0	0	335186.1841316565
244	36.782826838508264	39.66213904347539	25.265578018639694	1306816620.2358851	433417718.10663426	873398902.129251	970677308.6290964	0.0	0	413339.3460337012
245	35.08773206637791	36.23293003195411	30.506940204073146	1310862962.2745733	417396918.56035846	893466043.7142156	1058856675.4406456	0.0	0	398060.7209781248
246	44.78250385476882	48.513608428266274	29.85808556077899	1474410141.2023828	543461371.9169908	930948769.285392	1019861250.8524172	0.0	0	518285.152356139
247	38.22865284136881	39.870896986867955	31.659676259372276	1194966268.1357028	455262304.2021451	739703963.9335582	1019873968.0674282	0.0	0	434171.96674551495
248	34.92823914162053	36.342399612614585	29.271597257644256	1426655913.26184	423644049.52142274	1003011863.7404176	1148424160.3614495	0.0	0	404018.4493269183
249	36.606698111708866	39.43542569741501	25.291787768884177	994145597.5825738	438399943.0673544	555745654.5152191	1017425262.7730526	0.0	0	418090.766017298
250	45.24143368077761	49.08407012672181	29.870887897000852	1542105159.7270827	561118786.8907311	980986372.8363519	944269861.2359483	0.0	0	535124.5755107221
251	35.05407207307313	36.62952935085649	28.75224296193968	1540602823.8985398	423852504.62425756	1116750319.2742827	1038940468.3955017	0.0	0	404217.2476046158
252	33.42924301000569	35.42775557517423	25.43519274933146	1027639915.3081528	409595041.1198913	618044874.1882612	1049421637.7250466	0.0	0	390620.2708434022
253	40.229393553818454	42.796227746925986	29.96205678138829	1237750174.087658	497807490.19376105	739942683.8938968	1064114925.3788956	0.0	0	474746.21791244607
254	36.5538667483024	38.94678464652718	26.98219515540329	1262225628.4512851	449839709.83149517	812385918.6197901	1106332742.6045036	0.0	0	429000.5777659372
255	28.205491700172516	27.034595856809673	32.88907507362381	1152623402.5360997	321657535.6816198	830965866.8544798	1133180726.7842214	0.0	0	306756.53045808786
256	40.47860474433275	43.88662646035848	26.84651788022974	1370567069.7016444	505785562.61285466	864781507.0887898	1028063903.910919	0.0	0	482354.7006729647
257	40.69575222378713	43.76035192937336	28.437353401442167	1260441237.5902576	501424453.20163655	759016784.3886209	985743937.7600402	0.0	0	478195.6226364486
258	35.4885539962779	36.49258576066157	31.472426938743194	1328460165.669337	413638178.02054393	914821987.6487935	1007668555.2020408	0.0	0	394476.1066632689
259	28.691437478613793	28.014509557764057	31.399149162012698	1108172348.6125379	315424873.73356944	792747474.8789684	885503861.3658592	0.0	0	300812.60083538963
260	28.970313115963926	29.50462133360954	26.833080245381495	1458011348.4378319	333716115.32454205	1124295233.1132896	1044095403.6839341	0.0	0	318256.48815588193
261	36.8593706471099	38.547073317292295	30.108559966380366	1216463028.0398693	429833623.33419317	786629404.705676	1063346017.9104232	0.0	0	409921.28690165817
262	35.14240404740139	36.89105919377435	28.147783461909455	1319538693.293954	404608057.6212088	914930635.6727452	950820525.0228087	0.0	0	385864.31276436674
263	31.709928268941326	32.01677968798212	30.482522592778103	1271933862.3910704	343853146.3471472	928080716.0439236	937902538.0597348	0.0	0	327923.91428675386
264	30.32647165361125	30.311805760508268	30.385135226023174	1207554530.2192852	333561234.8659181	873993295.3533673	952913035.8603772	0.0	0	318108.7826403791
265	31.80051361215769	31.446712638323817	33.215717507493174	1220494327.1448622	351189828.42500615	869304498.7198558	1033140153.7798662	0.0	0	334920.719552046
266	36.70498909965213	37.6774421329987	32.81517696626587	1432371162.1147466	410300555.9227959	1022070606.1919502	989254105.2837784	0.0	0	391293.1021907768
267	37.852031300438	39.921440909326996	29.574392864882054	1134345388.3991315	439738212.7420557	694607175.6570761	989068200.5270901	0.0	0	419367.0394344862
268	33.944149574854976	35.62166900395088	27.2340718584714	1375296252.2119737	386699095.04064745	988597157.1713258	1044725088.3651626	0.0	0	368784.99511780497
269	38.25704146194251	40.551155086180586	29.08058696499019	1424450801.98134	438002554.0922546	986448247.8890848	1013950947.7999307	0.0	0	417711.78635812225
270	33.97095559654665	34.97164240097714	29.968208378824684	1249561355.212201	381010220.62421614	868551134.5879858	959115284.475952	0.0	0	363359.6616975938
271	33.554719258879835	34.595510860391094	29.391552852834774	1284939144.2186632	377880416.3074831	907058727.9111799	963628694.5302241	0.0	0	360374.84770534805
272	35.348775638658104	36.92841268301209	29.030227461242195	1131360942.4398618	407830081.96974444	723530860.4701176	1027401362.4312203	0.0	0	388937.0746324007
273	39.824559081766026	42.17358824125533	30.428442443808876	1310294837.9306865	476471290.3859974	833823547.5446886	1021464435.8210717	0.0	0	454398.43214606994
274	30.042399748099267	28.46322065457394	36.35911612220056	1235376617.2728858	330765983.7048839	904610633.5680021	1030123488.0151613	0.0	0	315443.02340019593
275	35.5274433573328	37.41344968377159	27.98341805157766	1337358229.5868282	431643818.415682	905714411.171146	1098831814.4598708	0.0	0	411647.62345855904
276	38.39560633263458	40.7612670909565	28.932963299346888	1231769238.4808838	469152861.56090236	762616376.9199818	985464612.260223	0.0	0	447419.03453912964
277	35.587977043052504	37.74360965918415	26.965446578525935	1269248647.8310769	437149265.78233755	832099382.0487392	1034466101.7745143	0.0	0	416898.027212465
278	37.92025628195765	40.52480305021312	27.502069208935776	1514158419.4968643	458422234.076989	1055736185.4198751	979434062.0467172	0.0	0	437185.51070879836
279	39.07508199141753	42.30300958965954	26.163371598449498	1710764881.211951	492023774.36131394	1218741106.8506382	976216950.7240992	0.0	0	469230.43666964903
280	40.51196142835986	43.64577098155246	27.976723215589463	1295134506.1667626	484313745.480774	810820760.6859885	1049681972.2970984	0.0	0	461877.5801475278
281	36.6855699313277	38.660636954992476	28.78530183666851	1513139893.850955	439774338.6591926	1073365555.1917621	1103955413.08752	0.0	0	419401.4917938162
282	42.512631105609394	45.27716023468126	31.454514589321974	1420470173.6453164	509920864.80154216	910549308.8437735	1031016558.426645	0.0	0	486298.4321608946
283	35.11404339732223	36.587841235001044	29.218852046606937	1329478450.8262482	408519831.34765315	920958619.4785953	1021017450.4892901	0.0	0	389594.8708988696
284	38.46728681117246	41.45211744990371	26.527964256247305	1356587399.1354754	467917135.6658409	888670263.4696344	934884761.1719453	0.0	0	446240.5544908913
285	32.023596567004645	33.56571074842673	25.85513984131628	1447906418.8569133	372464198.4145636	1075442220.44235	1021345587.5454572	0.0	0	355209.5398088107
286	38.39251255996261	39.97198539986322	32.07462120036017	1263709133.4833434	436447756.7480858	827261376.7352573	990517970.8024307	0.0	0	416229.016063772
287	39.99911691345086	43.15001282950995	27.39553324921444	1402216630.4969563	493679279.5580919	908537350.9388646	1103631528.2461007	0.0	0	470809.249456493
288	41.78876550718465	44.820313744497014	29.662572557935217	1619345304.102857	514775304.14308643	1104569999.959771	1066860077.7280369	0.0	0	490927.9862814776
289	34.464903543848926	36.216452256791904	27.458708692076996	1365875101.2878146	402051488.1445366	963823613.1432779	1015463495.3913994	0.0	0	383426.1781163564
290	33.499198917765334	34.221891775271864	30.608427487739252	1212067650.1837823	382292295.65204465	829775354.5317376	1026260668.3282621	0.0	0	364582.3437233399
291	34.4019268494008	35.48161404432561	30.083178069701574	1163165006.7337494	399181680.23674124	763983326.4970086	979525122.8682461	0.0	0	380689.3160216725
292	42.34930558402448	45.83386343624062	28.411074175159857	1447789817.068656	515290118.8402894	932499698.2283664	922848262.2309861	0.0	0	491418.9518359083
293	34.186091517662575	35.73461736540746	27.99198812668305	1230343993.0989478	387678058.1809044	842665934.918044	1059890511.3509336	0.0	0	369718.6071213763
294	39.40898525759682	41.587116892236686	30.69645871903736	1278701600.0523634	465882556.41629374	812819043.6360695	1034224906.9810488	0.0	0	444300.22851590515
295	31.39162734776756	31.96535478740508	29.096717589217384	1090332104.9518013	365454463.13189906	724877641.8199021	957350107.509248	0.0	0	348524.535304927
296	35.41861085692297	37.49652238775871	27.106964733580007	1399213672.8497934	414051069.6465424	985162603.2032512	995940919.0740219	0.0	0	394869.87080244295
297	38.16614909547731	40.39202155336467	29.262659263927826	1217866076.8966618	436830276.7737875	781035800.122874	1036203607.5224992	0.0	0	416593.81558779476
298	41.76177268272956	44.89271283380651	29.238012078421704	1388154584.5499413	492685349.9579517	895469234.5919899	965030561.1957188	0.0	0	469861.3643245238
299	37.56316956515821	40.58451822716777	25.477774917119994	1256389633.9308534	449229375.7777025	807160258.1531508	970421963.6522751	0.0	0	428418.51785440696
300	40.24666826885844	42.86038426030183	29.79180430308487	1478630517.4755177	508432697.19181824	970197820.2836994	1090362405.6086376	0.0	0	484879.20493299305
301	35.757192496779986	36.52626498867791	32.680902529188266	1251406976.2190545	433126583.439069	818280392.7799854	1096174287.8556256	0.0	0	413061.6983786289
302	44.15093433318107	47.89374215107563	29.179703061602808	1544693716.2671976	552752120.9578788	991941595.3093189	1084676114.2702417	0.0	0	527145.50109661
303	38.90219639323114	41.07917807448128	30.194269668230664	1367426388.1366165	461438625.61175495	905987762.5248617	950224023.2420758	0.0	0	440062.16584373004
304	37.596908899491694	40.80883542266468	24.749202806799783	1430250329.6485178	474587550.56068134	955662779.0878361	1096291938.693284	0.0	0	452601.9578558743
305	25.939630407265824	24.851274618420454	30.293053562647252	1000451759.6941725	284423017.27324057	716028742.420932	1023258642.2209256	0.0	0	271246.9265682608
306	38.47337937916439	40.83389778705901	29.031305747585947	1294525824.922352	468745620.53066635	825780204.3916861	1093245581.9381099	0.0	0	447030.65922800667
307	41.842552053869156	43.78838849410132	34.059206292940516	1235845547.2615652	504718779.73927885	731126767.5222864	1068683241.8255283	0.0	0	481337.3372452535
308	40.88560361612227	42.8215050185871	33.141998006263016	1251972471.184966	508538817.0097657	743433654.1752006	1076417166.8617733	0.0	0	484980.4086778314
309	36.322293279112436	39.456691290779645	23.78470123244371	1650797966.6130033	458407315.91196483	1192390650.7010381	1097303245.6547875	0.0	0	437171.28363796696
310	38.83206524961776	41.715570921831414	27.298042560763093	1514464016.0448284	495315062.4621242	1019148953.5827037	1085403426.8081052	0.0	0	472369.25359928556
311	30.23503820356773	30.620067272204913	28.694921929019	1105991490.2883162	358150710.4899287	747840779.7983875	1044200295.6625378	0.0	0	341559.13399689534
312	33.75686262957351	35.18621969149207	28.039434381899287	1078211266.6657207	416395724.4425026	661815542.2232181	1073948531.3694072	0.0	0	397105.9078621888
313	36.25465036416586	38.876397876977435	25.767660312919645	1150385801.6110356	475988657.0729535	674397144.5380821	1093108664.9363842	0.0	0	453938.157151178
314	35.629050067358655	37.09805049830763	29.75304834356277	1581060399.372747	439127936.1643476	1141932463.208399	1083260145.840459	0.0	0	418785.03433642176
315	34.437678023307086	35.93438915469891	28.450833497739783	1573474052.6603022	427592618.44525987	1145881434.2150424	1113415224.6600478	0.0	0	407784.0980961417
316	32.899922197914016	33.89199460489454	28.93163256999189	1237888160.1058123	414022421.2835428	823865738.8222696	1071505556.9910103	0.0	0	394842.5495944433
317	31.896802949030366	33.35316670189019	26.071347937591096	1343429089.8989792	404283289.18414825	939145800.7148308	1178300822.9102657	0.0	0	385554.5894471627
318	32.58231761480082	32.464006250825996	33.05556307070012	1244455879.6015208	401517402.9657121	842938476.6358088	1160698507.573967	0.0	0	382916.83479853824
319	41.614089104975236	44.86129967740313	28.62524681526358	1613441382.3658469	558473797.0644641	1054967585.301383	1116828617.7140956	0.0	0	532602.1166462557
320	33.63850498312173	35.59827603190095	25.79942078800479	1585547743.7652166	455007408.15489507	1130540335.6103222	1122974200.369717	0.0	0	433928.87893189915
321	30.78830439773719	31.319325644729044	28.66421940976977	1192818117.5486863	406867313.5829294	785950803.9657565	1189426330.8375468	0.0	0	388018.9071492475
322	38.998264587491235	41.762298694323434	27.942128160162458	1512696969.1385157	517215279.3155191	995481689.8229975	1163771434.8990986	0.0	0	493254.92793609516
323	36.0097788501754	38.61283071201901	25.59757140280096	1272876008.727526	500703781.05182135	772172227.675705	1201717566.8914928	0.0	0	477508.3361166202
324	38.82469336981863	40.50273048064618	32.11254492650841	1507688966.5530787	540973135.7289526	966715830.8241259	1257262318.673571	0.0	0	515912.1854104544
325	37.83442398227546	39.87934962708564	29.654721403034657	1468823736.4906125	540986274.8777643	927837461.6128473	1203439106.7755384	0.0	0	515924.71587921574
326	36.57245402708794	37.948301911459126	31.06906248960315	1408967971.413792	512346389.3842094	896621582.0295821	1261051814.8790817	0.0	0	488611.5926591964
327	34.74715092931078	37.33057536439695	24.413453188966088	1390972189.187944	484106988.7560234	906865200.4319204	1193567748.6877975	0.0	0	461680.40156938875
328	34.55308394933182	36.56654486951234	26.49924026860973	1483270635.029876	468549331.9729244	1014721303.0569513	1201805520.610773	0.0	0	446843.46387188364
329	33.48388909700789	34.54134414483484	29.254068905700095	1349325612.9126773	458318947.3279944	891006665.5846828	1235622359.9825578	0.0	0	437087.008789057
330	32.169130920170254	32.29989124571262	31.646089618000765	1248288296.539985	422960604.91109526	825327691.6288896	1233608296.7297091	0.0	0	403366.66575536266
331	33.57040419026823	34.88922448921623	28.295122994476188	1172177195.7348475	462094905.5462703	710082290.1885774	1278760524.8040383	0.0	0	440688.04316164996
332	32.848176217604475	33.56173133905101	29.99395573181834	1313864983.0244734	437304906.6009541	876560076.4235189	1157223984.2208645	0.0	0	417046.4578637639
333	33.45639109506049	34.55079944950124	29.07875767729751	1337631635.7421858	429188807.6535851	908442828.0886005	1141028056.625474	0.0	0	409306.3427482463
334	34.09331873399834	36.17367397435346	25.77189777257777	1431286503.015417	470954700.8760582	960331802.1393589	1208804433.9725628	0.0	0	449137.4024162848
335	34.91505243664298	37.07930626993244	26.25803710348516	1297737078.5277147	467573475.0577725	830163603.4699425	1087679653.6977901	0.0	0	445912.81419541594
336	39.17199120455505	41.02165621125043	31.77333117777347	1449820985.0602248	517303942.6952011	932517042.3650236	1130867644.767661	0.0	0	493339.4839241038
337	38.221090027596894	40.47157337159444	29.21915665160674	1289196040.4918683	490897652.82869637	798298387.6631713	1052422578.9420305	0.0	0	468156.48348683934
338	36.17401531507026	37.392077273410564	31.301767481708975	1348277574.7137394	450446667.7734478	897830906.9402922	1153562600.5153077	0.0	0	429579.41796631605
339	31.215853438030827	31.473327437185304	30.185957441412974	1368679040.2974932	383446902.9382551	985232137.3592381	1061009503.5741067	0.0	0	365683.46303773404
340	36.579132647633784	38.865175439613665	27.43496147971425	1130793515.6417468	468205909.3695436	662587606.2722031	1096005219.5390728	0.0	0	446515.9505553662
341	39.80028343605345	42.53024920106908	28.88042037599087	1465728125.8755493	509950503.559269	955777622.3162801	1141780296.6770737	0.0	0	486326.6978829089
342	34.33410404978297	35.48904551494854	29.714338189120745	1415627642.553709	435139827.80057395	980487814.7531346	1091645984.672678	0.0	0	414981.67781884567
343	32.78278992035951	33.54281386237124	29.742694152312595	1285599199.4694467	404060055.73680913	881539143.732637	1132159686.0670378	0.0	0	385341.69744187285
344	34.62260804668129	35.803527991914926	29.898928265746747	1378552489.289785	426537992.07982016	952014497.2099653	1098273826.7809372	0.0	0	406778.32801801694
345	32.320020296285165	32.899571019355506	30.001817404003855	1200791099.2842176	379787787.6947248	821003311.5894926	1043957443.7575848	0.0	0	362193.8588092085
346	39.77100300213537	42.16798277813479	30.18308389813775	1241521700.4431598	488447348.3387928	753074352.1043668	1085735767.5922585	0.0	0	465819.6910274438
347	27.133630557404075	26.825065751048655	28.367889782825785	1355793115.8623047	321843347.6301417	1033949768.2321628	1155594866.5509803	0.0	0	306933.7345410743
348	31.09609059965917	30.675794906835268	32.777273370954745	1021139348.8546281	361216851.7107149	659922497.1439133	1076446302.2835517	0.0	0	344483.23412963375
349	32.13603087505295	33.551372550055845	26.474664175041354	1415068653.3044972	379954756.3019974	1035113897.0024998	996774075.6236783	0.0	0	362353.0924816106
350	33.04138638334664	34.99403024648074	25.230810930810225	1190801073.2523763	407221829.46050775	783579243.7918686	1102158583.3991308	0.0	0	388356.99983645225
351	35.410901949287336	36.96220947613296	29.205671841904834	1359574744.6557634	427428600.78935766	932146143.8664054	965379813.311273	0.0	0	407627.6786702707
352	42.09027854786706	44.37922114563012	32.934508156814786	1421353308.2019086	514477849.2503053	906875458.9516032	1032115097.8737756	0.0	0	490644.3111899426
353	35.6068531724074	37.141353152103775	29.468853253621837	1192216686.8075147	453733202.57443064	738483484.233084	1000989748.7713174	0.0	0	432713.7017959887
354	26.624423415301237	25.85224937717246	29.713119567816342	1223426167.5986085	313308985.79203784	910117181.8065699	1124853891.1226263	0.0	0	298794.7328491571
355	42.14124787653796	44.37529128177143	33.205074255604075	1540613020.4293723	539523962.7624346	1001089057.6669371	1080343752.9578028	0.0	0	514530.14637225587
356	41.468939612181366	43.858781240710755	31.90957309806381	1451142088.5162163	524450399.7950267	926691688.7211899	1115935959.454509	0.0	0	500154.8765135066
357	37.31830457800343	39.03741036879321	30.441881414844296	1321243664.7314181	457837006.4126715	863406658.3187464	1091876900.5115972	0.0	0	436627.39411608834
358	40.046946388303404	42.340637681870454	30.872181214035162	1412907736.0085616	498854229.3431462	914053506.6654156	1036670776.6908493	0.0	0	475744.46615519165
359	34.10701535816539	35.08211285405942	30.20662537458932	1358105894.1614046	405616481.9580102	952489412.2033943	1025138385.2374301	0.0	0	386826.0211544133
360	31.634976556988057	31.510850729250464	32.131479867938396	1378026567.2253006	361341196.0457337	1016685371.1795672	1027523746.3753715	0.0	0	344601.81812833186
361	35.76435931398362	37.28006540068598	29.701534967174137	1302174913.4566922	416584461.1756148	885590452.2810773	1091139583.3952222	0.0	0	397285.9012371207
362	39.47808425717712	41.515898685709494	31.326826543047666	1387473320.1264937	465858181.8370435	921615138.2894503	989249186.8603029	0.0	0	444276.9831057009
363	27.441457624651452	26.916605532758368	29.540865992223818	1284960500.6121192	300152390.8925213	984808109.7195982	966851637.8178988	0.0	0	286247.6262021267
364	43.173079313759295	46.402013752378	30.25734155928444	1370850638.7488391	513277497.719535	857573141.029305	952883743.5902648	0.0	0	489499.566764388
365	38.93530433656484	40.89334202109991	31.103153598424495	1398258454.5071523	449946373.05346715	948312081.4536852	961197200.3529092	0.0	0	429102.29974123684
366	31.0860162062141	30.777324483792242	32.32078309590152	1259463553.0952902	335850197.21910775	923613355.8761822	1006245609.773004	0.0	0	320291.7072478369
367	34.612257581940604	35.41170784630853	31.414456524468935	1416679924.087563	385512413.97393537	1031167510.1136281	969708545.0084947	0.0	0	367653.2878627158
368	41.36468116383022	44.795510518944674	27.641363743372466	1222075611.6746862	485670302.2892831	736405309.3854022	962416211.9285945	0.0	0	463171.29353454866
369	33.93075070927634	35.5693958279803	27.376170234460474	1216102697.3112617	384790237.0942835	831312460.2169781	953517979.239136	0.0	0	366964.5663206897
370	28.467205315664255	27.81023049546591	31.09510459645761	1236971302.52008	300936654.65890837	936034647.8611721	1038859656.10646	0.0	0	286995.55841341824
371	40.76688073372162	43.384933949494425	30.29466787063038	1180289770.409061	469223017.7890314	711066752.6200298	991131220.9579538	0.0	0	447485.94073203224
372	24.663017054054365	23.180044296540107	30.59490808411138	1407198066.0134578	250278831.15667823	1156919234.8567796	1037699043.0513437	0.0	0	238684.49321430025
373	39.64012336394389	41.74764415200358	31.210040211705252	1411845480.5011013	451490419.1372038	960355061.3638976	934930265.4240681	0.0	0	430574.81683464407
374	39.211256172687406	41.809325240231935	28.81897990250925	1360174077.000532	458940810.3426678	901233266.657864	928980367.8953203	0.0	0	437680.0635744742
375	32.45670576426098	32.81008302768465	31.043196710566352	1128365223.6477184	355202095.3513189	773163128.2963996	953583662.558031	0.0	0	338747.11547023675
376	44.57536451379919	48.36300897908958	29.42478665263766	1329540053.9156296	518716792.31313276	810823261.6024966	998606343.6504381	0.0	0	494686.88231766934
377	33.00359336819201	33.63608776598497	30.473615777020136	1194963720.9301667	361552053.2335226	833411667.6966441	1083339259.700437	0.0	0	344802.90721275576
378	45.684992836888114	49.35845533789228	30.991142832871407	1182411041.43644	528473517.5305467	653937523.9058928	928190665.9994943	0.0	0	503991.62056975067
379	40.51100840313497	42.47261213986886	32.66459345619941	1265129273.2221665	456470594.3047665	808658678.9174004	987404022.4597203	0.0	0	435324.28198315273
380	39.79778664782466	42.15451364168479	30.370878672384258	1471301515.4925451	457153580.8549646	1014147934.6375809	944797578.6057063	0.0	0	435975.6287145278
381	35.230296421220274	36.68951873463373	29.393407167566476	1422259067.0481582	399267269.6322867	1022991797.4158714	993491362.3056333	0.0	0	380770.9404299609
382	43.39565772917392	45.240405922245564	36.016664956887304	1433824487.0560215	490090093.8012063	943734393.2548156	987941184.53463	0.0	0	467386.3351833402
383	45.23704199428011	47.77233869604191	35.09585518723288	1435877526.3725264	518546919.95856893	917330606.4139577	1011818943.117565	0.0	0	494524.87941605446
384	44.42284293005432	48.20527251149538	29.293124604289943	1505423104.2513266	522864134.31043124	982558969.9408952	1045014333.9259222	0.0	0	498642.0958618463
385	36.682189876548264	38.54666875629981	29.224274357542047	1234462407.459395	414566146.896016	819896260.563379	1076123908.4387047	0.0	0	395361.0867462311
386	33.57036399978378	34.6146576211269	29.393189514411294	1340239487.3656707	373826359.6744126	966413127.6912576	984537519.3165432	0.0	0	356508.59801713226
387	42.013495505513795	44.78131458913482	30.942219171029702	1312132950.1293035	493076086.9140342	819056863.2152694	1015356903.6068466	0.0	0	470234.00012401026
388	39.46739206059075	41.35802466014565	31.90486166237114	1259618954.999615	461766931.5825385	797852023.4170765	1017317197.1137334	0.0	0	440375.2628159891
389	35.87758005131138	36.40163458426703	33.78136191948875	1373288505.2411346	408945368.43286103	964343136.8082739	947122472.0894341	0.0	0	390000.6946877107
390	42.254372743379086	45.31105219486636	30.027654937430015	1337104059.2813616	509717989.8727845	827386069.408577	994733228.9239932	0.0	0	486104.95555189555
391	29.27242605091152	28.46950732148357	32.48410096862331	1577024806.948876	320324622.4901014	1256700184.4587743	1015487120.2005475	0.0	0	305485.36538133747
392	36.57684180789659	38.986762504672804	26.93715902079172	1417506292.7478802	443652863.1963032	973853429.5515772	990527427.9177321	0.0	0	423100.3410304099
393	41.06215263649545	44.06666341535626	29.04410952105221	1587079167.363021	503271497.52692306	1083807669.8360982	1093189768.4490542	0.0	0	479957.10137073824
394	39.18227667581541	42.514858460611464	25.85194953663112	1217011343.9914806	479718209.13206345	737293134.8594174	1007437168.7019382	0.0	0	457494.9351616511
395	41.13919473400413	45.236741137870794	24.749009118537433	1131160829.8373137	498195121.7259665	632965708.1113472	964656569.9718845	0.0	0	475115.8921489396
396	36.27572462401687	37.96225762862707	29.529592605575996	1332564104.6622903	421756816.39283043	910807288.2694595	1050040231.8394326	0.0	0	402218.6435631088
397	42.200882566883095	44.95316883586142	31.191737490969828	1381029544.7102191	492773386.08350253	888256158.6267163	1056840352.391768	0.0	0	469945.32211637736
398	32.139128443821654	32.42793887884042	30.983886703746556	1345108021.0285575	355716236.03101647	989391784.9975414	983023417.0360644	0.0	0	339237.4382314839
399	43.79980729497771	47.78703418326484	27.85089974182913	1347323291.1140532	520647190.1794889	826676100.9345644	974274193.3752737	0.0	0	496527.85318325873
400	40.85582533725002	43.52426169726252	30.18207989719999	1227757934.1996708	487091069.3077737	740666864.891897	990916138.1680865	0.0	0	464526.24254968035
401	27.720007953630898	27.494938542806416	28.620285596928802	1251393739.9703526	305419963.8563529	945973776.1139995	1015535437.0258384	0.0	0	291271.17524752906
402	42.2032268367514	45.208374209505834	30.182637345733728	1150292693.2240775	499991913.18651974	650300780.0375577	996697254.2131674	0.0	0	476829.4460168074
403	39.373025764387556	42.57400054670242	26.569126635128015	1120872525.4794567	473168403.0177676	647704122.4616891	1048451590.471192	0.0	0	451248.55329300655
404	35.38706219795248	36.26902412018275	31.859214509031418	1147163066.6503224	393322341.6550538	753840724.9952694	950460240.8559227	0.0	0	375101.41530518886
405	31.441579786197348	32.20888996453173	28.372339072859727	1241603114.3766673	350471225.89555055	891131888.4811164	1014952123.3469504	0.0	0	334235.40677599947
406	23.78245584367853	21.724651076499857	32.01367491239322	1216578233.4373727	233902541.62264052	982675691.8147318	1038506084.3598853	0.0	0	223066.84648765612
407	42.484413155618	45.43138177234829	30.696538688696855	1332251758.408554	489848516.8518632	842403241.5566903	984837728.5252409	0.0	0	467155.9494513161
408	37.89551241952223	40.24678137595035	28.49043659380975	1238146820.0610092	434605043.98108405	803541776.079925	974469455.7722964	0.0	0	414471.66822536866
409	38.337921776105176	40.28226792808903	30.560537168169734	1301808767.7197208	428652823.53580326	873155944.1839178	925357145.4335551	0.0	0	408795.18846111593
410	33.683321108512175	34.98611580525069	28.472142321558028	1088746710.6169522	375031426.8405163	713715283.7764361	954929379.4156654	0.0	0	357657.8396229899
411	44.26417321208966	47.05320198099986	33.10805813644888	1299757249.9953578	507407745.5201518	792349504.4752053	971403350.2724515	0.0	0	483901.7348481673
412	41.30426652890354	43.87045497399252	31.03951274854753	1417152841.2386134	467903348.54813266	949249492.6904802	967644411.9228982	0.0	0	446227.40607083583
413	26.12824863185885	25.118508404046455	30.167209543108395	1192082498.2228072	270552224.82346696	921530273.3993399	1031014457.5105466	0.0	0	258018.7080607099
414	40.27868852737043	43.055343611974145	29.172068188955553	1279345739.436593	466626415.06957793	812719324.3670151	935948710.5161209	0.0	0	445009.6274085789
415	43.60417056308109	47.83182929960909	26.693535616969	1144234796.2548475	513505235.8483912	630729560.4064562	939889886.6801577	0.0	0	489716.75476874446
416	35.27778623481524	37.82772348492506	25.078037234375934	1038904039.278483	405666201.26006496	633237838.0184181	972984240.0271922	0.0	0	386873.4371758126
417	27.06692326734571	26.895699223170936	27.751819444044738	1345375630.2226515	290392942.3434704	1054982687.8791809	950622097.3030276	0.0	0	276940.29077860876
418	41.79569273582417	44.88982858132926	29.419149353803704	1343259963.3604722	489331067.17103726	853928896.189435	954917710.3683989	0.0	0	466662.4709806797
419	29.116965370527534	28.466931075791233	31.717102549472663	1198857898.6022255	307268243.25189257	891589655.3503326	973703721.720957	0.0	0	293033.8318365978
420	35.17926676201646	37.28916042479852	26.739692110888257	1314161848.04312	405077690.01375544	909084158.0293645	965416102.4584363	0.0	0	386312.18911529094
421	39.36074894578287	42.054670052766326	28.58506451784911	1229257021.803059	464957366.7319196	764299655.0711397	1002139794.2792227	0.0	0	443417.8988761135
422	39.68459468154821	42.485070441191546	28.48269164297482	1345196649.9019918	469729990.0726137	875466659.8293779	964682352.493862	0.0	0	447969.42717801454
423	34.543263218075474	35.75760324601073	29.68590310633447	1493244083.6971748	389509128.63923466	1103734955.0579398	925983287.4326309	0.0	0	371464.8519890163
424	38.27627455334885	40.398604447852634	29.786954975333696	1304655657.1173158	448778885.4611521	855876771.6561636	1040065823.6721864	0.0	0	427988.896809723
425	36.57598036047503	37.038232668700275	34.72697112757403	1381137236.9388788	408628405.6859809	972508831.2528977	1067826010.5010092	0.0	0	389698.4154567535
426	36.6606054228307	38.88377790082724	27.767915510844542	1135200506.8839407	422042256.04038084	713158250.8435597	1009294081.8572384	0.0	0	402490.86002386187
427	39.613191919790644	42.04160532847116	29.899538285068616	1399280579.6818168	447854120.2399415	951426459.441875	947703085.7326581	0.0	0	427106.97196954885
428	38.03019534834052	40.95287574054986	26.339473779503084	1272611219.0787926	443209696.3142631	829401522.7645301	993934521.4046124	0.0	0	422677.70415712625
429	35.57381804769601	38.708133014957454	23.03655817865018	1263558218.3158305	430551641.5056845	833006576.8101455	978567037.2939056	0.0	0	410606.0423905225
430	37.9333292497567	40.35744047250975	28.236884358744447	1297572690.8918052	442035655.34397906	855537035.5478262	1012342116.5938127	0.0	0	421558.05143735814
431	34.7050938630623	36.07137987175492	29.23994982829182	1264135861.4737673	391725633.6944058	872410227.7793617	1025941083.3810217	0.0	0	373578.67593231756
432	42.961427674282604	45.96209389356076	30.95876279716985	1288447889.0926783	498288405.86931443	790159483.2233642	1002523005.5007437	0.0	0	475204.8548405785
433	27.67939848857817	26.79029759971564	31.235802044028286	1254708834.1440532	299019753.8257444	955689080.3183091	1055521915.4211204	0.0	0	285167.45932173205
434	39.37598170607842	42.26831340038192	27.806654928864493	1459348137.3605144	469980758.04363185	989367379.3168827	922066659.4536921	0.0	0	448208.5781513518
435	38.60839934867771	40.73869406421448	30.087220486530622	1202371594.3169165	454807730.9761382	747563863.3407782	980532767.3750085	0.0	0	433738.45193494624
436	28.792624714389714	29.075226863030263	27.66221611982745	1177602923.025686	332371691.0540209	845231231.9716655	1074096452.2791007	0.0	0	316974.34525873273
437	40.875579080203494	43.511076468450746	30.333589527214443	1105483071.55065	492104782.155468	613378289.3951824	992164023.3269876	0.0	0	469307.6917223626
438	37.33909283056356	38.55903753295457	32.459314020999564	1455507215.7947483	435730830.77588445	1019776385.018864	953280268.6092495	0.0	0	415545.30217731884
439	31.268781452941464	31.19904142861324	31.54774155025434	1178999093.2594635	338743735.77569705	840255357.4837666	978669966.535827	0.0	0	323051.20065278735
440	35.76814286114721	36.95834871971859	31.007319426861702	1391736837.7401543	406052437.0515937	985684400.6885602	1042882889.4445986	0.0	0	387241.78033027047
441	36.513405590322776	37.9253357345063	30.865685013588696	1266591655.941734	417995435.58963394	848596220.3521006	1020842435.5007176	0.0	0	398631.5112968768
442	40.729888624290766	44.245050771852846	26.66924003404239	1242634002.5025964	480034061.7450959	762599940.7575004	949379982.1440793	0.0	0	457796.15568646987
443	35.32060831399353	36.47643177490877	30.697314470332536	1431332874.3083522	399099283.76824194	1032233590.5401099	984054354.5821108	0.0	0	380610.7366259021
444	35.42540785958111	36.513756641773554	31.07201273081124	1236436863.7199597	395470881.7584254	840965981.9615346	993117188.0573266	0.0	0	377150.4228195432
445	40.70172768861445	43.50220553614005	29.499816298512023	1425843929.9295828	469170422.48401606	956673507.4455674	971129610.0165367	0.0	0	447435.7819404756
446	38.96027049762768	41.331101595657096	29.47694610550995	1360785591.58562	446985522.3615	913800069.2241197	996708246.5806557	0.0	0	426278.6124815941
447	35.24194851762299	36.44977910167362	30.410626181420472	1418488000.4589317	392197975.0366723	1026290025.4222587	954305793.3611102	0.0	0	374029.135739014
448	42.9423557518895	46.67844934948411	27.99798136151116	1426816560.4670324	504674529.4820385	922142030.9849942	966045621.8561294	0.0	0	481295.1369114289
449	37.00940435220977	38.11841962174325	32.57334327407584	1379969064.3451443	411142159.51523584	968826904.8299078	939702685.2783731	0.0	0	392095.71792148205
450	41.65859317457376	44.31828097991154	31.019841953222574	1370263623.1874385	479366860.7311994	890896762.456239	1030609925.6443251	0.0	0	457159.86321563675
451	35.271753018956765	36.04125300936149	32.19375305733791	1346022696.7246144	392717964.337451	953304732.3871635	986240601.3927362	0.0	0	374525.03617997275
452	35.917723728400254	36.310052159189645	34.34841000524268	1278784149.5189903	392144574.4589962	886639575.059994	1008346336.3113145	0.0	0	373978.2089796029
453	33.5984021157821	33.784017123944544	32.855942083132334	1223713044.8797479	369101266.56187284	854611778.3178754	961974344.1546861	0.0	0	352002.3980730752
454	37.8379300893027	40.1575763746822	28.559344947784687	1314687168.264548	443982526.2779057	870704641.9866422	984692903.4896073	0.0	0	423414.73224440165
455	38.860976284256324	41.517080936903135	28.236557673669054	1124625135.4175081	459641014.54943424	664984120.8680736	950283331.8659554	0.0	0	438347.8303427069
456	43.373090428136535	46.49904327028955	30.869279059524505	1553296322.633462	500813411.0791005	1052482911.5543615	980518480.6372905	0.0	0	477612.8874579432
457	36.561529312725625	37.245134829938564	33.82710724387371	1199104321.7751164	396027292.7250801	803077029.0500364	993482154.4033735	0.0	0	377681.05766780843
458	32.15069959428353	31.93619844213272	33.008704202886776	1578287894.3921852	349522517.5086082	1228765376.883577	1023256365.1850507	0.0	0	333330.6479536134
459	29.664956197957505	29.715598067177783	29.462388721076362	1174627446.7140598	321610374.20746803	853017072.5065919	1087113729.3251102	0.0	0	306711.5537714654
460	38.749269259022114	41.6501662361878	27.145681350359272	1353276626.5579515	452395019.77930397	900881606.778648	997822467.2692876	0.0	0	431437.5112336198
461	31.84671653115909	32.257471155247885	30.203698034803885	1300727627.3182988	346082467.228201	954645160.0900985	973266910.1955876	0.0	0	330049.96035404305
462	43.77370260216556	47.455001429882074	29.048507291299572	1250484844.1200228	509530574.23974437	740954269.8802785	1019607951.802234	0.0	0	485926.22207617207
463	31.753285022545132	32.23973733169416	29.807475785949	1291889909.1269393	339312721.59876686	952577187.5281717	1031323558.5972661	0.0	0	323593.8278186482
464	36.59371600272627	38.117615616778586	30.49811754651699	1294580573.4129825	411752719.53344434	882827853.8795388	1001112029.143883	0.0	0	392677.9933294718
465	39.46113952902813	42.819016521894156	26.029631557563924	1324610282.9875984	461372506.03906626	863237776.9485326	1021146792.1890175	0.0	0	439999.10930544493
466	30.24428800929956	30.000646858468983	31.21885261262186	1307652725.2928982	328929395.15428364	978723330.1386149	1030941388.3378768	0.0	0	313691.51606968266
467	43.57985568891409	46.84055183551709	30.537071102502114	1644262293.1507528	507827478.85241497	1136434814.2983375	1020840595.6682829	0.0	0	484302.02374688635
468	35.73917120812279	35.93462333382284	34.95736270532259	1142457936.8266835	384409931.4424895	758048005.3841944	1031197534.5253634	0.0	0	366601.87858818966
469	36.910517321376524	39.61138900685983	26.10703057944326	1365308633.9697607	425716402.52897865	939592231.4407825	968432049.9042149	0.0	0	405994.7991647516
470	39.902794466415976	41.12015101142948	35.03336828636192	1220834554.3825283	441753907.85702974	779080646.5254987	970554176.2997094	0.0	0	421289.35609534226
471	37.35148753187056	39.28671276348134	29.61058660542743	1416058875.3341038	418861488.27142555	997197387.0626783	949795336.811166	0.0	0	399457.4434961563
472	34.68586876123703	36.84887766952697	26.03383312807726	1300486629.9807587	397184599.7842762	903302030.1964824	1001433394.9858845	0.0	0	378784.75168635964
473	42.30540657952036	45.720465986828025	28.645168950289637	1357700820.00968	492778745.7022674	864922074.3074131	975302557.0460935	0.0	0	469950.43344713905
474	40.19493682479824	41.81497762081338	33.71477364073768	1194181053.5989735	448838714.2381797	745342339.3607941	979338835.3842065	0.0	0	428045.9539777563
475	35.066518188193406	37.0666467399446	27.06600398118856	1320677104.4237332	396803234.0396917	923873870.3840412	992335101.2554018	0.0	0	378421.05297059217
476	35.85339638116978	37.627174212409386	28.758285056211374	1253117113.9192438	404740544.28848666	848376569.6307576	907321824.7932534	0.0	0	385990.6618962161
477	27.625250384505	26.175223626041976	33.42535741835709	1312680638.8576586	285391451.45459354	1027289187.4030651	1023735616.2597218	0.0	0	272170.497374147
478	41.41782819370114	44.574817852056675	28.789869560278913	1242458856.8561497	483499476.47936064	758959380.3767887	935403778.5436648	0.0	0	461101.03271423397
479	33.67547198094096	34.963935176720874	28.521619197821263	1487132465.698623	378345650.1317082	1108786815.5669148	1052551673.1268591	0.0	0	360818.52925463486
480	38.42746809020614	40.68308602419025	29.404996354269787	1217866618.8973534	434950001.92960054	782916616.9677529	889465939.9582905	0.0	0	414800.645761109
481	28.33828674617567	28.10203112034991	29.283309249478656	1231005884.5240853	303007785.49431574	927998099.0297695	991759080.2232338	0.0	0	288970.7426970632
482	40.57460912945745	43.57423404792297	28.576109455595343	1562383347.662162	468118828.3189549	1094264519.3432074	976149837.1270624	0.0	0	446432.90359397413
483	35.64587477972498	37.11222511702235	29.780473430535498	1161037855.3563015	399803055.5144615	761234799.8418403	996864038.0516121	0.0	0	381281.90566488414
484	41.203455353132256	44.6175861751918	27.546932064894065	1407219781.0390415	481126326.8269397	926093454.2121022	1002152264.7433451	0.0	0	458837.8208417317
485	39.37225687577115	41.5061181477672	30.83681178778697	1430038321.015331	444659076.1036155	985379244.9117157	1032733950.4802607	0.0	0	424059.9404369502
486	38.26259997967387	41.25791973809156	26.28132094600315	1184567339.6003933	450879013.66561675	733688325.9347769	990344917.5357313	0.0	0	429991.7351394812
487	33.65122865583427	34.14136871991997	31.690668399491386	1250070619.685642	376932661.9626486	873137957.7229931	1010550001.3491938	0.0	0	359470.9987284169
488	39.25299581145273	42.23141773169146	27.3393081304978	1591820154.5778058	483196453.2742594	1108623701.3035471	1098171730.3930032	0.0	0	460812.0472662538
489	33.64885225865568	35.396354585850005	26.658842949878437	1114382562.6001053	390870955.8410857	723511606.7590201	1098778246.5227258	0.0	0	372763.59161480493
490	37.21912155275293	38.90434743477659	30.478218024658272	1409401318.5852525	437651158.98702246	971750159.5982296	1063670025.7957128	0.0	0	417376.6698713519
491	28.780731386399324	28.155242240026187	31.282687971891846	1141137176.6519704	318538599.0484627	822598577.6035075	1004709219.1680148	0.0	0	303782.0806965472
492	30.767769255331142	29.821778286642463	34.55173313008585	1219720377.0234041	338153850.956408	881566526.0669956	1009923937.5932307	0.0	0	322488.64265099354
493	44.774009639750396	48.69810631352113	29.077622944667407	1493726928.1927993	552631721.8700083	941095206.322791	1000138124.6019603	0.0	0	527030.6795787888
494	37.97755604264789	39.87839204859782	30.37421201884815	1349534679.385455	467855932.11005634	881678747.275399	1105120041.66263	0.0	0	446182.18623166665
495	38.77995968315239	40.883135509296956	30.36725637857413	1352614393.5541036	466923989.3343919	885690404.2197115	1029573225.1432215	0.0	0	445293.41634215537
496	41.74975664838507	45.57218126278532	26.460058190784068	1512318862.6119843	511618400.3423801	1000700462.2696042	1046494104.938051	0.0	0	487917.3282073787
497	38.591335530563065	40.49386385729728	30.981222223626155	1465182358.4304082	454076130.00156087	1011106228.4288468	1054014914.3811042	0.0	0	433040.74287563405
498	30.198964555730896	30.366960465366976	29.526980917186542	1353943040.305424	352315519.6850421	1001627520.6203817	1044512031.8669143	0.0	0	335994.26239494537
499	40.82670043899051	44.45003316889582	26.33336951936926	1446789119.2124002	526196613.45040596	920592505.7619947	1090832986.760707	0.0	0	501820.1956275996
500	40.62412989940519	43.98642233290121	27.174960165421123	1325563394.5150387	521737274.6722393	803826119.8427994	1147944314.359587	0.0	0	497567.43876670767
501	32.24465533742419	32.2727847044221	32.13213786943258	1234959529.0313048	381663410.5330268	853296118.498278	1108426891.9985235	0.0	0	363982.5921373623
502	32.364726516898926	32.74842318081296	30.829939861242785	1245263098.3541074	380101821.9558541	865161276.3982532	1080924416.6225212	0.0	0	362493.3452185193
503	32.4487406329469	33.20613344812678	29.419169372227337	1235537573.5877645	394755221.37420124	840782352.2135637	1134502302.7385452	0.0	0	376467.91589183937
504	42.94649738689803	45.30709021533798	33.50412607313825	1449782696.7004101	539614608.9471405	910168087.7532687	1043661456.9795592	0.0	0	514616.59331049025
505	41.92813533888378	45.110780293108334	29.19755552198563	1466915396.9160237	543364085.3213019	923551311.5947217	1081203517.3056786	0.0	0	518192.37262850004
506	40.01880261413963	42.36626515264747	30.628952460108273	1360432578.2976274	516371597.73925984	844060980.5583682	1126504793.8095531	0.0	0	492450.3304855916
507	37.97068357631133	40.015546302054915	29.791232673336935	1380248238.9718072	471192847.5197883	909055391.452019	1066554620.8753134	0.0	0	449364.51675394876
508	33.48712632157755	33.518787398010566	33.360482015845506	1067831228.0598505	391200226.27148706	676631001.7883638	1045772387.8791912	0.0	0	373077.6083674305
509	44.175908074436705	47.3533096996189	31.46630157370788	1194691590.1582148	570093365.2186192	624598224.939596	1094279720.3457365	0.0	0	543683.4003626053
510	41.098187102937686	44.09682841474342	29.103621855714678	1340239706.8430922	525489242.98100203	814750463.8620902	1040479028.8117536	0.0	0	501145.5945787449
511	34.09635945052822	35.257618154731425	29.451324633715384	1104946373.8018079	417746978.8722779	687199394.92953	1088193368.6943004	0.0	0	398394.5645067959
512	37.53343284432193	38.84020218318581	32.3063554888663	1416568292.1345842	468832745.9154548	947735546.2191298	1086827875.4201458	0.0	0	447113.7484697863
513	38.38651006117377	42.022763373741505	23.841496810902875	1065277170.0128677	494400530.6622498	570876639.350618	1061674189.2740271	0.0	0	471497.08811020845
514	40.092664187502955	42.33120783963913	31.138489578958318	1298871980.195377	490890059.51930416	807981920.6760724	1029470702.3893512	0.0	0	468149.24194269604
515	34.51618329036097	35.18851913781068	31.82683990056218	1248064993.4756606	401657655.9278498	846407337.5478106	1049284272.378206	0.0	0	383050.5904463292
516	33.42568199083616	34.19073737887278	30.36546043868965	1306135679.1022315	402231545.407428	903904133.6948038	1081055849.1828327	0.0	0	383597.89410345844
517	39.70570281843706	42.57950049557035	28.210512109903824	1182716996.789605	500596349.90259373	682120646.887011	1056410622.4492159	0.0	0	477405.88178882
518	37.768417562679964	39.71211003760857	29.993647662965483	1309181350.0263934	461042009.2386421	848139340.7877516	1094490453.9949644	0.0	0	439683.92299522605
519	34.568161370218654	34.723357911431435	33.94737520536749	1298675824.4643736	394662863.73809767	904012960.7262762	1061247521.7779601	0.0	0	376379.83678636316
520	41.35762250592693	44.54474038837455	28.609150976136448	1363692955.3337514	511388274.9039328	852304680.4298185	1044895392.1964376	0.0	0	487697.8634871797
521	39.11751480338033	41.86861129348955	28.113128842943397	1370228947.5031972	488951586.0528526	881277361.4503447	1063685493.9475791	0.0	0	466300.56958470575
522	32.43000360578431	33.20585144174881	29.326612261926265	1308787853.523739	376004717.40485686	932783136.1188823	1007604075.2073317	0.0	0	358586.0418366021
523	40.93082832720149	43.6490994829026	30.05774370439703	1114922929.0621235	487088040.8966093	627834888.1655145	1043018042.9965789	0.0	0	464523.3544317334
524	41.76282470380575	44.47144163166116	30.928356992383954	1439028789.7247078	496350980.30498147	942677809.4197267	1043902477.5142984	0.0	0	473357.1818399251
525	32.11008354962408	31.991766572713175	32.58335145726768	1263426336.8468633	363672312.08487034	899754024.7619932	1108453033.367656	0.0	0	346824.9436234193
526	38.52016818209875	40.66267109222976	29.950156541574664	1308105835.669077	458021196.56079197	850084639.1082852	1100417514.5407767	0.0	0	436803.051529686
527	42.49402260181419	46.22846686902041	27.556245532989312	1239154058.8401387	528016244.6524877	711137814.1876512	1057179566.7666104	0.0	0	503555.5311703564
528	41.521424038404675	45.12250694563843	27.117092409469624	1718309350.5886996	513720653.48182535	1204588697.106874	1049944763.8360609	0.0	0	489922.1930330519
529	39.55508243207726	41.06088334207035	33.53187879210493	1238635919.4100487	459304135.21404207	779331784.1960064	1030552147.774235	0.0	0	438026.55717281526
530	29.99340277146168	31.202090709985605	25.158651017365976	992660798.2975479	354169630.8904436	638491167.4071037	1115192930.3887131	0.0	0	337762.4806312978
531	39.56955864136601	42.58697980773984	27.499873975870678	1347762875.2024984	479692649.6297184	868070225.57278	1001410097.1339138	0.0	0	457470.5597207245
532	36.40274602144238	38.56534991759888	27.752330436816358	1231300114.8747659	448510142.5535786	782789972.321187	1039660588.9610726	0.0	0	427732.60360105406
533	40.06066443186068	42.815666729998554	29.040655239309128	1234134653.7143745	487427923.4495213	746706730.2648535	1039896400.5413187	0.0	0	464847.49169304024
534	43.4362583262167	47.24932063019037	28.184009110322066	1415684905.9667485	528734552.707977	886950353.2587718	916260522.7254434	0.0	0	504240.5631141443
535	35.25968676121429	36.9340020421592	28.56242563743465	1233323831.5458674	413727520.5911115	819596310.9547563	948261758.7317456	0.0	0	394561.310378181
536	29.0728972662838	27.986668666535337	33.41781166527767	1081310636.3816838	315986322.16306263	765324314.2186209	1021184328.1735164	0.0	0	301348.03978258406
537	33.12541744900581	34.55349842111977	27.41309356054997	1263374919.920083	383851820.811181	879523099.1089022	1067256639.1102717	0.0	0	366069.6228133973
538	33.550813452209546	34.49492540981917	29.77436562177111	1338471665.8243518	387498427.2726367	950973238.551715	1035836309.6536629	0.0	0	369547.2977377289
539	28.24184112134481	28.43252705539408	27.47909738514771	1056731992.1229459	313458008.70872664	743273983.4142191	948000908.7859948	0.0	0	298936.85217735905
540	37.22062726231743	38.67755619883823	31.39291151623418	1283363899.227829	422716308.63462627	860647590.593202	998082337.153534	0.0	0	403133.6866709008
541	41.95454570498655	45.791693733771325	26.60595358984756	1282217228.4643536	519949157.82641184	762268070.6379417	1045085263.0345753	0.0	0	495862.1576561085
542	35.379544034034964	36.26367753190731	31.843010042545604	1162223072.158339	414506863.8502597	747716208.3080794	1026107166.5906408	0.0	0	395304.55002809496
543	35.54810785382078	35.88800900791633	34.18850323743854	1293235452.7919753	403929248.2151126	889306204.5768629	1009872218.3748975	0.0	0	385216.94966803794
544	37.01774203650581	38.83779444999402	29.73753238255289	1176471294.547986	431637386.4582933	744833908.0896924	957791515.061697	0.0	0	411641.48946599325
545	23.426990841748744	22.174716671332177	28.43608752341502	1070997489.5769966	260961743.40936726	810035746.1676295	1012783063.4123989	0.0	0	248872.51225411159
546	39.735281039615714	43.798320855847024	23.483121774690407	1204196745.6710868	499303468.3270711	704893277.344016	1042312556.6796697	0.0	0	476172.89383608924
547	35.41586577456166	36.932045660717826	29.351146229937026	1211318615.3819182	429070961.5173889	782247653.8645296	1117005023.2899463	0.0	0	409193.95591486816
548	33.387723985609256	34.49171004090983	28.97177976440687	1408430400.8052025	382177011.13386625	1026253389.6713362	1099466262.4444532	0.0	0	364472.39983927365
549	41.44024361016784	45.090336687032384	26.83987130270968	1328805197.1830235	498238133.3312263	830567063.8517976	1033730827.1182882	0.0	0	475156.91121218324
550	28.680237223533837	28.03205409049734	31.272969755679778	996120704.2158877	314575109.4158469	681545594.8000405	1013920728.1773344	0.0	0	300002.202430579
551	33.320140882157915	34.14319083654945	30.0279410645918	1107891460.4949055	376031685.2781075	731859775.2167981	1005607735.9853297	0.0	0	358611.76040468924
552	44.294723373512035	47.14733601405093	32.88427281135628	1304944526.0441732	525323687.484694	779620838.559479	1029420743.7567782	0.0	0	500987.7085539763
553	40.00504684664927	42.41362738407633	30.370724696941036	1555941050.486383	487101604.7275005	1068839445.7588824	982760513.9560276	0.0	0	464536.2899088864
554	26.394170517120834	25.982716430671008	28.039986862920053	1195967659.894531	299112179.0255604	896855480.8689705	1091123548.1068778	0.0	0	285255.60286098515
555	36.4394956573335	36.97170063505508	34.31067574644718	1193776459.678578	426670687.4295093	767105772.2490685	1097919457.7669148	0.0	0	406904.876164922
556	40.61860080799647	43.83496253905961	27.753153883743906	1320249756.1519818	492006186.0370963	828243570.1148854	1074019788.169238	0.0	0	469213.66313657403
557	43.65060087181316	47.0379986135679	30.101009904794186	1341950034.1159384	531953765.21988434	809996268.896054	1054628971.8094058	0.0	0	507310.64340580394
558	31.49127953994474	31.168066059586195	32.78413346137894	1230614315.493625	356362658.8508577	874251656.6427675	1087953559.1591363	0.0	0	339853.91507230536
559	29.810386985305854	29.39636389539379	31.466479344954102	1270393572.0782208	343347110.1085322	927046461.9696885	1073155830.3971947	0.0	0	327441.3205228159
560	45.02911317401645	48.630190316021235	30.624804605997344	1630488443.0534034	574026894.6046076	1056461548.4487957	1034924740.5272442	0.0	0	547434.7063108516
561	38.98108317715291	40.98567361488932	30.962721426207263	1361692752.4505324	488376822.075696	873315930.3748358	1096472615.9224243	0.0	0	465752.4319416962
562	31.805464967808323	32.09503550257539	30.64718282873999	1236813859.723078	389364379.56704974	847449480.1560284	1107304074.6180778	0.0	0	371326.8085165498
563	37.650415544654805	39.42740738311914	30.542448190797423	1265866815.3835075	461801262.9032569	804065552.4802505	1059407723.1182077	0.0	0	440408.0037148066
564	35.75680460792839	37.87768075256763	27.27330002937151	1426370443.330323	441289876.1201075	985080567.2102158	1061287475.9690403	0.0	0	420846.8209458421
565	37.477175010430415	39.639659290730826	28.827237889228716	1517165004.4874332	457768256.56765354	1059396747.9197793	1058513056.8036435	0.0	0	436561.8291546377
566	33.13486923403534	33.95821937315016	29.841468677576103	1534942560.795558	399665389.3824326	1135277171.4131258	1061651603.7650278	0.0	0	381150.61701052904
567	36.940053645801285	38.78263197572124	29.56974032612146	1272263450.3817985	442880436.63435674	829383013.747442	1065443912.3680532	0.0	0	422363.6976569715
568	36.97066217462887	38.56260653127832	30.602884748031155	1522738859.9729912	448388441.1717253	1074350418.8012657	1090825516.16729	0.0	0	427616.5401189094
569	36.97668274982581	38.721488843716294	29.99745837426385	1369915442.313117	456251225.7371888	913664216.5759286	1009965398.5674797	0.0	0	435115.0758144271
570	32.939838447839314	33.93578805057642	28.956040036890908	1179278883.811551	387442317.92818	791836565.8833711	1060175845.6091828	0.0	0	369493.7876970099
571	36.08330490282064	38.06651970787652	28.150445682597077	1233020956.362264	434091860.8878658	798929095.474398	997538336.1365628	0.0	0	413982.25868975243
572	34.97776423585111	37.34136007697278	25.523380871364456	1120764409.1516674	427329064.5872408	693435344.5644269	1025722154.3952914	0.0	0	407532.75355075905
573	39.61304728685111	43.20853513995029	25.231095874454393	1216194507.4356017	505358325.8585291	710836181.5770724	1149788262.275834	0.0	0	481947.2559533397
574	41.00775883740662	44.42624191226212	27.3338265379846	1421093659.5636117	527207261.58339983	893886397.9802117	1073337354.2777398	0.0	0	502784.0247949598
575	39.2288267752918	40.988317332955695	32.190864544636014	1410571435.71494	489409314.141356	921162121.5735838	1056265306.3401638	0.0	0	466737.09310660936
576	27.868110024731017	27.489317756560272	29.383279097414025	1314685831.6939306	323633523.0767422	991052308.6171887	1106673901.6237488	0.0	0	308640.9788863584
577	41.69130060757832	44.4436185263634	30.682028932438023	1526520852.272512	536556460.128388	989964392.1441236	1025935772.3595399	0.0	0	511700.1153262977
578	38.7760364310423	41.07882230635476	29.564892929792435	1763141384.6001215	499315332.8551253	1263826051.7449963	1112811469.2484322	0.0	0	476184.2087317708
579	32.470609213909334	32.5790658844933	32.03678253157349	1363496408.1967041	399599085.2891613	963897322.9075427	1149085927.421352	0.0	0	381087.3844997038
580	41.61415088596914	45.49387960531901	26.095236008569724	1657464314.1072562	556565348.6767869	1100898965.4304698	1185414315.344917	0.0	0	530782.0784347411
581	37.63968848506887	38.6246625803856	33.69979210380192	1426383541.527407	480605395.7264099	945778145.8009969	1116361659.1562421	0.0	0	458341.0222305392
582	37.91294145953013	40.16661495923132	28.89824746072545	1331225560.0962398	483570263.07897806	847655297.0172619	1054776262.6002513	0.0	0	461168.5400762348
583	36.67260009011182	39.23789035589674	26.411439026972207	1346344787.0659258	468439146.0711717	877905640.9947547	1057240281.1066585	0.0	0	446738.3824073522
584	43.06989214764318	47.0784629036011	27.03560912381146	1356083348.4470856	538836644.561462	817246703.8856239	1051774413.7243564	0.0	0	513874.66865679005
585	41.54404614890699	43.57971271967845	33.40137986582115	1361884437.2993934	489981096.9912314	871903340.308162	1086837015.9140267	0.0	0	467282.38772509684
586	30.63581093317111	30.408475894729694	31.545151086936798	1377406455.04691	341668399.8865878	1035738055.160322	1001133775.6305251	0.0	0	325840.37769945886
587	30.063255791935465	30.20036281574932	29.514827696680044	1255655325.7519343	345902991.28856033	909752334.463374	1034554898.5311102	0.0	0	329878.79875999456
588	34.44398090359292	37.564809518846936	21.960666442576905	1302887700.5399072	438425062.90361184	864462637.6362957	1097193413.1287482	0.0	0	418114.7221599692
589	31.618270985306182	31.839962025799085	30.73150682333457	1040870205.8499894	357051244.7664672	683818961.0835224	1002050887.524751	0.0	0	340510.6017746612
590	28.072601386188563	28.97258434460293	24.472669552531087	1194098843.6518652	333945293.3061052	860153550.3457596	1116239757.431807	0.0	0	318475.0493107847
591	41.16275858598564	44.35420993131287	28.396953204676684	1415435369.6912725	496419500.2349534	919015869.4563195	1031874332.3958417	0.0	0	473422.52753730153
592	35.68811522360611	37.128492262143666	29.926607069455898	1495593979.7706583	432385511.84300786	1063208467.9276502	951970052.83502	0.0	0	412354.9574308472
593	39.42374905595982	42.34486561683277	27.73928281246804	1225452746.1867085	513884120.91707057	711568625.2696382	1064991468.0636002	0.0	0	490078.087727614
594	29.014642414693665	28.998979082668722	29.07729574279342	1271295819.5008247	346067884.3396796	925227935.1611453	1030388886.480579	0.0	0	330036.05302780104
595	43.64266257904616	46.35121331059658	32.80845965284448	1522346647.7545648	546422636.4648063	975924011.2897588	1075217002.5537677	0.0	0	521109.23429947504
596	39.23758496732403	41.75812602006302	29.155420756368095	1461598462.572905	496289028.44862217	965309434.124283	1132204439.8231862	0.0	0	473298.0999456617
597	39.99422148919687	42.97027617573418	28.09000274304751	1411062334.0334625	503178299.0448373	907884034.9886249	1019698617.7567892	0.0	0	479868.22037204495
598	41.029270083244505	43.681165223919336	30.421689520545115	1350909392.6662443	514402890.1488973	836506502.5173463	1182315334.1017146	0.0	0	490572.8246201488
599	41.03597962578814	43.8330976000436	29.847507728766267	1346699600.5741498	529632258.23513585	817067342.3390143	968982127.5195519	0.0	0	505096.6818190916
600	27.00237335074237	25.87690055932769	31.504264516401037	1225599816.8743849	311107142.3688915	914492674.5054936	1022277677.5552287	0.0	0	296694.89132775454
601	36.94257217454404	38.77768810979993	29.60210843352049	1437415798.4119148	475146495.4313862	962269302.980529	1173533426.241786	0.0	0	453135.0092233524
602	32.49762374722511	33.313227664926146	29.23520807642095	1181026267.816406	392363895.95746166	788662371.8589444	1029339442.8751708	0.0	0	374187.3702597252
603	36.956999261300844	38.70008718928341	29.984647549370454	1349230208.3691845	443195382.0935504	906034826.2756342	1084066674.3518834	0.0	0	422664.05305247335
604	35.43248731233676	36.66973700768408	30.483488530947472	1388155967.8001263	419816804.34456944	968339163.4555568	1000642696.7176689	0.0	0	400368.50389916386
605	40.573905346419515	43.387100310290535	29.321125490935405	1424192373.8531053	493141670.5448454	931050703.3082603	1091127591.4130516	0.0	0	470296.5455482916
