epoch       	ep_ret      	ep_tx       	newbytes    	ep_delay   	ep_delay_normal   	ep_throu   
0	19.129614890311977	497594037.0510008	474109901.9187812	0.0	0	474542.65313243924
1	15.16537517266783	473463934.24993175	444518227.93312246	0.0	0	451530.39383881737
2	14.985734044436906	493314560.4200205	451305443.4226812	0.0	0	470461.42618181277
3	13.124751846518699	468125441.183962	425733452.7924233	0.0	0	446439.21011348895
4	15.476930551900118	504711594.6758657	423807139.6589635	0.0	0	481330.48503481445
5	20.79100478277776	509813176.2864154	471173381.38348955	0.0	0	486195.732389846
6	20.494920461343224	484827921.9884592	416258604.9414123	0.0	0	462367.9370770065
7	13.839695601292322	466594503.20019263	380502841.4088389	0.0	0	444979.1938783576
8	11.53683511872746	463074980.9814022	381618320.04793376	0.0	0	441622.71593227616
9	21.76602892113675	551894332.6403465	432199375.14708734	0.0	0	526327.4504092659
10	17.85663526230776	442307859.85417444	454231958.55585104	0.0	0	421817.64588754135
11	12.824727315817546	473937055.05497706	486209154.70444095	0.0	0	451981.59699914674
12	25.823180954453466	503879309.2510671	431914692.2687539	0.0	0	480536.755801265
13	18.295103374354454	496985982.28886825	485852741.25309664	0.0	0	473962.76692282513
14	24.556499284748234	493364786.1115549	500965374.8413107	0.0	0	470509.32513385295
15	31.71241181788693	536832784.71774405	491899493.7897851	0.0	0	511963.6389901581
16	30.871238319239158	494983713.852177	531546193.20709807	0.0	0	472053.2549402019
17	31.391610435170815	515399540.2287504	486848614.18266195	0.0	0	491523.30420374917
18	34.69733898572044	505949390.37068814	560243305.5605819	0.0	0	482510.93899792474
19	36.24122446967475	559695516.9382821	499940874.5545873	0.0	0	533767.2395117589
20	32.599353574749514	510709538.8408072	488908069.1145906	0.0	0	487050.5703361579
21	32.74934437040482	497200009.4173873	578410939.3278314	0.0	0	474166.87909830816
22	31.173689601266666	501304259.74744225	428374477.90320414	0.0	0	478080.997226183
23	38.56703327931573	542231492.719667	486154613.32045007	0.0	0	517112.2481533689
24	37.26919216667609	505378260.98509526	511890615.2304311	0.0	0	481966.26757153997
25	38.35432567926959	536680433.4160087	506772371.0664179	0.0	0	511818.3454666219
26	35.040967010100175	481009321.7398031	479315038.729932	0.0	0	458726.23609524046
27	37.34241120805553	519982646.5463502	462953584.8887437	0.0	0	495894.09498820314
28	32.37037345289715	482445025.850264	587432882.208989	0.0	0	460095.43023134605
29	34.82626222821569	541416859.4628382	504105628.00028586	0.0	0	516335.35333904094
30	35.92925843719788	523031762.2568143	443105574.6815202	0.0	0	498801.95832902356
31	37.35254839583499	509311716.62680113	456185175.0792839	0.0	0	485717.5031917584
32	39.79846701458761	503373627.0097745	486693060.357449	0.0	0	480054.4996354815
33	39.52187101389839	546574993.1056521	483118815.6435542	0.0	0	521254.5329147837
34	27.696203457681825	472240693.0547289	468058919.6665414	0.0	0	450363.82012818224
35	39.983647626407524	545205896.7552539	478017814.461378	0.0	0	519948.86088872317
36	36.78541992894771	478554913.99477464	509618910.4335277	0.0	0	456385.5304668184
37	32.8878659673461	537905513.4161202	489011754.6999555	0.0	0	512986.6727982715
38	26.348053666502366	507050838.14932936	487655690.16784114	0.0	0	483561.36145527766
39	11.723297061909166	462278076.5137258	404666433.297475	0.0	0	440862.72860882356
40	24.01331242898152	480810703.538756	505475346.18008447	0.0	0	458536.8190181312
41	30.35942164352028	520358963.54844767	438941044.6688783	0.0	0	496252.9788479305
42	24.975676740105833	522334614.8040132	449763680.4296872	0.0	0	498137.1067085392
43	19.812684491736555	491194816.73919886	458291819.183937	0.0	0	468439.88107604877
44	34.41225797009591	537356122.1745832	459634268.60472524	0.0	0	512462.7324815589
45	23.921083177514667	536700685.55353093	423672820.9533628	0.0	0	511837.6594100295
46	13.983713200159377	466801463.10239947	453537273.9456384	0.0	0	445176.5662216181
47	40.10510625466936	545271088.5028002	554451123.2005459	0.0	0	520011.03258399985
48	19.66914096770814	485121583.66359925	459658765.517427	0.0	0	462647.9946743004
49	19.962111091056702	463618621.52479625	438352450.06572574	0.0	0	442141.17195586785
50	24.879556319709184	504428670.7660602	491645929.1843684	0.0	0	481060.6677685358
51	20.640438059379672	528671100.95468205	451001070.9983804	0.0	0	504180.05080669594
52	36.730188450434746	513841067.499225	555199186.5809644	0.0	0	490037.02878878126
53	18.38463076964226	470736492.46441674	499548957.51337916	0.0	0	448929.3026584785
54	34.630058383628224	522554955.291995	508044452.48133826	0.0	0	498347.23977279174
55	29.46155606626252	475843234.42057496	495454146.6656923	0.0	0	453799.471302581
56	22.77582749832548	502739523.486059	473820904.7794577	0.0	0	479449.7713909712
57	17.176545384148767	467149827.80905163	494004931.45231104	0.0	0	445508.79269509466
58	17.584850510648334	492451447.56961095	430515191.8082959	0.0	0	469638.29762421706
59	20.955595215123797	501284317.7030151	444226441.2701398	0.0	0	478061.97901059635
60	16.28687363249253	491413155.6375864	467712276.0826566	0.0	0	468648.10527571343
61	28.880423093426536	535330596.60515356	511074223.7214285	0.0	0	510531.04076877004
62	20.183703309653946	483487207.48810977	448421288.2623855	0.0	0	461089.33209238993
63	25.39765962933281	534023736.9695715	504484827.20214677	0.0	0	509284.7222991671
64	24.785778590195633	496218541.95055884	436478230.73450494	0.0	0	473230.87878280535
65	30.65784967397653	526999835.51662666	548114379.0444264	0.0	0	502586.2078825252
66	37.55163291389066	550411329.4389979	481185764.2028291	0.0	0	524913.1483449917
67	38.104800806550436	539590577.232792	484761047.8789272	0.0	0	514593.67488173675
68	36.58613628717677	535006135.09597886	554854348.281554	0.0	0	510221.61016080744
69	39.87957902100902	529546486.2388209	515296388.47829497	0.0	0	505014.88326913916
70	30.476066202531896	455193464.13278645	515487211.2372054	0.0	0	434106.3157394278
71	34.96787817563039	471045792.2972459	470263392.78434306	0.0	0	449224.27396511636
72	42.58556963988654	569502623.0277283	506200814.6872718	0.0	0	543120.0247075353
73	37.06283411539232	535275077.0493807	543517608.5455788	0.0	0	510478.093194371
74	38.22036799078606	521950122.4885186	497021924.4275182	0.0	0	497770.42626239633
75	41.349782113744816	547457834.4514583	502458275.31871927	0.0	0	522096.47603174055
76	35.57097788972452	471316729.73206514	521247619.29938275	0.0	0	449482.66003805667
77	41.279607622944766	523380237.0968027	511642157.94189256	0.0	0	499134.28983383445
78	40.866670727147145	542370638.3276991	495642023.1666127	0.0	0	517244.9477459897
79	35.22020484131886	484500117.31953543	444383337.02373147	0.0	0	462055.31818345597
80	39.8618305009804	525321237.0677632	539537636.6060283	0.0	0	500985.3716542845
81	42.74111722939724	568450506.5988094	485594368.4148103	0.0	0	542116.648291406
82	30.61672165135954	482333277.2308042	498711801.69839394	0.0	0	459988.85844307335
83	44.3782770853932	571255347.8018403	548986842.1745442	0.0	0	544791.5533083343
84	39.177639658492865	512809864.44341093	549549566.539474	0.0	0	489053.5969194517
85	41.064740957885654	520398767.3100259	378255730.203336	0.0	0	496290.938673044
86	42.03355405496594	541869946.1762481	490778432.0080137	0.0	0	516767.4505007247
87	38.75135630170769	524643218.2767604	536569101.10420483	0.0	0	500338.7625472643
88	42.53432718260955	530712004.3363699	485973473.6961243	0.0	0	506126.4079440784
89	35.34919391914835	465820133.6452469	508549097.80277705	0.0	0	444240.6975223988
90	47.68572981504475	579390743.7557296	512298803.53531116	0.0	0	552550.0714833542
91	42.080883215360444	525216367.03559494	473780213.234724	0.0	0	500885.3597980451
92	40.25963141549185	488386562.52709204	528542249.9633149	0.0	0	465761.7211600228
93	40.148570654108745	498804817.21043015	500979875.51594055	0.0	0	475697.3430733015
94	44.43096860715326	549619743.5727962	457948166.87022614	0.0	0	524158.2332351649
95	41.0566562277023	507384146.9676063	516888948.08621573	0.0	0	483879.22951470007
96	45.0779076523321	543658170.185899	513226648.0740259	0.0	0	518472.83381071
97	40.43172546892031	537172357.9909244	501600193.3284084	0.0	0	512287.4812993282
98	29.935051143139777	394219843.4898896	544130459.4801617	0.0	0	375957.33975399955
99	42.3954483235357	540021873.8555511	575843584.7290933	0.0	0	515004.99139361473
100	47.00865475340529	567465267.0446305	475484309.7014207	0.0	0	541177.0506330781
101	36.18481173436099	545233350.0541346	412515953.26584834	0.0	0	519975.04239476635
102	41.83984632515384	517396539.2676242	486687137.3552391	0.0	0	493427.79089701094
103	43.60098779298455	536146625.0464679	537064363.6870179	0.0	0	511309.2661347084
104	46.49443441222893	576439632.1027223	529812638.5367942	0.0	0	549735.6720950339
105	42.42867957598769	541025057.8800609	490916759.4279153	0.0	0	515961.7022324191
106	41.60517928044313	525485459.52758676	491799137.2533971	0.0	0	501141.9863963954
107	39.943154598344634	487752541.196533	433401145.19813174	0.0	0	465157.0713010149
108	46.97169833150708	565556912.645893	491774666.2612073	0.0	0	539357.1020564014
109	43.10019233565306	540244868.7365477	537948527.3982401	0.0	0	515217.65588431136
110	38.803997403036554	493541762.71217215	512047848.1360599	0.0	0	470678.10317246657
111	37.642440319101695	483123972.1743864	584807447.1903294	0.0	0	460742.92390288005
112	45.68981781800474	568633884.6754508	585855948.2644992	0.0	0	542291.531253291
113	41.05826746115113	524262458.5773606	574675032.703448	0.0	0	499975.64180122426
114	42.677786897647245	533858275.9637961	516799881.909969	0.0	0	509126.9263875924
115	40.12249687028607	511857113.7810874	521550485.1599761	0.0	0	488144.9830828545
116	46.5159053820338	556972164.0568295	491028328.26716727	0.0	0	531170.0478142063
117	45.5957869565381	551198341.162125	521728983.129493	0.0	0	525663.7012120484
118	45.34775905322642	562475319.3794154	490579817.9514252	0.0	0	536418.2657045509
119	42.8459020261194	530284576.7558296	528842930.9576878	0.0	0	505718.78123839333
120	39.247778019420295	490457236.3205035	487529151.41892624	0.0	0	467736.4695744547
121	41.18088774951096	513050912.482377	507665195.25158256	0.0	0	489283.478243234
122	37.478520351917055	471393020.1009244	503896903.3819922	0.0	0	449555.41620342666
123	40.71578623307342	522619424.43292403	544019515.9416542	0.0	0	498408.7223366967
124	44.71058933223804	557505763.7697809	431905203.24489737	0.0	0	531678.9281556902
125	37.46338865144501	450303558.62259406	486415899.45276123	0.0	0	429442.93844470393
126	41.19400976979943	499868946.24532723	464968719.2894897	0.0	0	476712.1756032249
127	42.578417715066216	547343798.6185753	518719441.11958617	0.0	0	521987.72298677
128	35.53176448333402	515184423.1750485	538735646.9883338	0.0	0	491318.15259461256
129	41.9064399307273	522880451.11319774	508591300.5378843	0.0	0	498657.6567775704
130	34.69628858147674	454644902.51850355	546154294.4283068	0.0	0	433583.16661692003
131	35.650221992260775	455107412.31024605	503905908.6686293	0.0	0	434024.2503263913
132	36.854097836053754	501100234.7220003	543896626.9648647	0.0	0	477886.423799515
133	38.363532912499274	469358846.8213694	427362482.24867845	0.0	0	447615.4773915954
134	43.190683811807105	528548485.35778505	484393990.8567295	0.0	0	504063.11546114465
135	43.980665983793884	567076597.0395368	505368161.514889	0.0	0	540806.386031663
136	43.15374861849847	529721699.5244558	530607002.87363964	0.0	0	505181.9796795425
137	38.456824982643504	502848822.11249703	546689148.8302671	0.0	0	479554.00668382354
138	37.417817673093346	473708347.59256405	508546211.77449715	0.0	0	451763.4845662727
139	44.29618355436807	548558952.7631534	548995876.9578825	0.0	0	523146.5842849286
140	40.34886449864334	496518233.4545431	488869855.26540416	0.0	0	473516.6868730002
141	31.316925159634238	407814282.5497082	506547965.50763416	0.0	0	388922.0071312982
142	38.87111539940238	486552997.06599766	578214251.4193052	0.0	0	464013.0968723275
143	37.87243939898724	527139744.63051337	527918654.83690554	0.0	0	502719.63561107015
144	39.81802019494002	510948989.3573666	529715061.307596	0.0	0	487278.92814385076
145	39.695757078814616	533814202.06144476	506031552.6554777	0.0	0	509084.89423889614
146	35.846839837325	507259943.7293102	508426540.2557253	0.0	0	483760.7800763225
147	40.94362081462951	513897616.1542082	540132013.138042	0.0	0	490090.957788666
148	38.52921897129178	492058353.7017868	495485060.2103132	0.0	0	469263.4140985365
149	41.13448204962803	511615143.87334317	492931978.01172465	0.0	0	487914.2225964957
150	39.548293399188566	505237506.60978657	565217328.4750727	0.0	0	481832.0337388864
151	43.38199886414165	533580391.0765509	523102385.28079563	0.0	0	508861.91470770934
152	35.410567321103	513442997.9307779	486066585.29946536	0.0	0	489657.40006521036
153	41.635383054935154	507882550.20377386	485966389.087054	0.0	0	484354.543880247
154	35.638697032048924	494120695.94037384	493725719.0437005	0.0	0	471230.2169231165
155	37.580155063271626	478820948.34682524	471564210.05547386	0.0	0	456639.2405956511
156	41.16465690225854	522207847.8007804	534117659.7422271	0.0	0	498016.21227338834
157	44.03832173991708	551209985.2786856	562527009.1620734	0.0	0	525674.8059069496
158	42.766337506391984	520834201.461398	426216339.13706046	0.0	0	496706.20103969384
159	37.496604031435076	475728012.96149987	518568581.2384993	0.0	0	453689.5875563621
160	43.58443566918316	545914788.7331619	551394535.9844546	0.0	0	520624.9129611605
161	38.52697311010727	502057156.16930914	504462913.3460319	0.0	0	478799.0152066318
162	43.851994438491445	574484572.3161681	590490285.320089	0.0	0	547871.1817895585
163	44.921528162288624	550366641.2368183	524536982.2551239	0.0	0	524870.5303543267
164	39.003587479494136	516419324.6537485	499234481.81833553	0.0	0	492495.8464181411
165	32.93867643278859	428485005.7350168	434924490.3474237	0.0	0	408635.1449346702
166	39.37141833195892	494338173.9027962	481518852.3601231	0.0	0	471437.62007026316
167	36.2844814792458	457683205.5119209	525898955.2418975	0.0	0	436480.71814720257
168	43.4446212589216	548542106.7815502	523432954.4447019	0.0	0	523130.51870493905
169	35.324262406648295	428751049.03627497	491229256.2277238	0.0	0	408888.8635981321
170	42.76807205372672	537888427.7019265	497210378.3521154	0.0	0	512970.3785914673
171	44.86507306334274	561068067.8222479	496969595.5324159	0.0	0	535076.2060377577
172	40.79977004074712	509059971.7527267	506854582.24814665	0.0	0	485477.42057106644
173	45.40991022842289	572408059.7269729	516375770.8018085	0.0	0	545890.8650655488
174	39.2844371214542	478561973.400405	476947985.4052199	0.0	0	456392.2628406573
175	47.80628895525008	593348691.4067751	558485559.4752321	0.0	0	565861.4076678992
176	37.30153895944823	461395590.39761007	502037534.08367646	0.0	0	440021.12426529883
177	40.8459336046718	546886106.2802935	535791149.82589793	0.0	0	521551.23355893465
178	43.955636355086405	561791112.9634356	436020862.6432958	0.0	0	535765.7556185109
179	37.11669846641133	464158887.890603	494338530.57640606	0.0	0	442656.4101129561
180	34.315031593214435	430892057.6907814	513563229.73373204	0.0	0	410930.6885631386
181	47.12978798766015	576201655.2645245	523776742.16021556	0.0	0	549508.719696545
182	45.35504498112589	547491993.3414898	436847162.9118829	0.0	0	522129.0524878407
183	45.843143336603944	564492112.5525098	488219357.49838793	0.0	0	538341.6295552347
184	47.49428944757237	588098381.5634468	571469758.7230932	0.0	0	560854.3220171421
185	40.337055486031154	529806055.149163	508034931.55301017	0.0	0	505262.42747226986
186	45.1592401406963	549090509.8214133	517612267.3336519	0.0	0	523653.5165990954
187	48.12322409017436	598367247.6319079	591447568.1691815	0.0	0	570647.4758452491
188	35.89883019823115	456314330.32185864	473037339.2865168	0.0	0	435175.2570360743
189	41.56160343270515	521553205.6847859	494045962.24728465	0.0	0	497391.8969009265
190	43.38052644170441	547581706.3690646	557654017.0975964	0.0	0	522214.60949808545
191	43.21389167181989	537749175.3142812	459452843.96352255	0.0	0	512837.5771658716
192	41.1694995245523	527554356.2905271	552358153.7380631	0.0	0	503115.0401025076
193	42.371685576464834	534216527.051849	534989120.5157055	0.0	0	509468.58124909294
194	38.04512740906388	476189454.3479054	530209451.724433	0.0	0	454129.65235510364
195	38.00423374008459	461667542.81450367	468135028.7855787	0.0	0	440280.47830057505
196	44.13688289525128	549776766.8339624	489895830.4890213	0.0	0	524307.9822864174
197	44.827375383608704	555834825.017984	479736849.7647031	0.0	0	530085.3967838136
198	46.573429903365074	577563903.6024933	528976212.9384894	0.0	0	550807.8609490327
199	44.10632471952904	541417822.5176549	544292074.9936321	0.0	0	516336.271779685
200	41.653878493242466	518457991.5023777	496345664.21867955	0.0	0	494440.0706313873
201	44.18508003857655	544003153.2812623	503924867.05143476	0.0	0	518801.8353283521
202	41.30130529283113	529578425.4339744	568076195.7711726	0.0	0	505045.34285924374
203	43.496617566363014	532620160.4178055	515031707.57937676	0.0	0	507946.1673906376
204	43.10219346556628	525434504.65080976	556867528.3286903	0.0	0	501093.3920391177
205	40.80471293642573	501543079.1664554	539154128.2817216	0.0	0	478308.75317235506
206	40.04526777173664	494716336.4495456	525030810.7418499	0.0	0	471798.2639785246
207	38.24869645928491	466751438.8394186	517260591.2336538	0.0	0	445128.8593668164
208	41.619817238523794	513578373.70294577	535680206.13058025	0.0	0	489786.5044621906
209	42.11496697039476	520683198.9196164	496960603.81406325	0.0	0	496562.1937938845
210	41.944026199269445	516357099.40709424	460851440.81678176	0.0	0	492436.50379857485
211	39.217401953859195	493764399.0144458	507390719.89302343	0.0	0	470890.4256958444
212	46.41426499964349	561090253.0187409	474838729.17194295	0.0	0	535097.3634898575
213	29.261537426431545	371449097.49583435	604497831.6015009	0.0	0	354241.46413405816
214	42.76547297418548	541013688.602056	478897980.0483092	0.0	0	515950.8596439895
215	38.456781097417775	467346679.4047839	526091137.06292605	0.0	0	445696.5250060881
216	45.398446802186726	569934763.9244224	502972184.12940484	0.0	0	543532.1463817809
217	41.15398964201801	535802536.6396336	581179368.2276819	0.0	0	510981.11785853753
218	38.951852177294704	496034910.38367707	544617464.7902862	0.0	0	473055.75407378876
219	29.67805035629027	374516992.7489202	499193625.14725626	0.0	0	357167.237042351
220	38.96534775601088	492014222.91933084	581676241.8479954	0.0	0	469221.3277047452
221	35.30589126189231	439706918.33755463	530468320.6719308	0.0	0	419337.1947646662
222	41.80462367915114	553885546.8028592	503897234.28993374	0.0	0	528226.4202145187
223	37.68172220883273	487120025.3276178	528320884.8110152	0.0	0	464553.8571621111
224	42.03477574837279	513770280.47586864	458617918.6234721	0.0	0	489969.52102267137
225	43.91466859758358	567008768.375517	536856048.88923746	0.0	0	540741.6995768711
226	36.32627843243301	471758396.82767403	505487506.8067667	0.0	0	449903.8666035403
227	38.32653609172859	470555066.5433152	507074986.19156665	0.0	0	448756.28141719353
228	36.58884359447961	459188416.18771243	514186387.4426741	0.0	0	437916.1989094855
229	41.953779461368434	509185124.91822755	491197486.09909374	0.0	0	485596.7759306217
230	38.35545171901183	489012250.76505387	488263828.84457886	0.0	0	466358.4239626441
231	43.17861687381583	557207008.8650726	588616458.4326843	0.0	0	531394.0132761694
232	41.38038295620089	528767945.3166004	585683296.8085401	0.0	0	504272.4087873463
233	43.19064461145074	520188820.5773318	459443527.23440295	0.0	0	496090.71786626015
234	42.401888155366315	551739766.1207283	523210903.71784157	0.0	0	526180.0442893294
235	42.09868134480269	506005213.67725515	507867135.8811324	0.0	0	482564.1762516547
236	44.02375675911144	544931077.1409036	511921658.38355255	0.0	0	519686.77248087275
237	41.50072619597395	522860248.4428529	540497199.5837846	0.0	0	498638.39000973996
238	38.11318063951143	471414810.302719	519063262.7285198	0.0	0	449576.19695922756
239	39.51190644095447	483229350.2287689	494069918.2553606	0.0	0	460843.42024685745
240	36.53835887505621	459737743.03772616	502670891.0438419	0.0	0	438440.07781765587
241	37.53491530347396	482309119.7090576	551497859.8694713	0.0	0	459965.8200350358
242	36.02647930988274	479499913.7200477	516021162.83353645	0.0	0	457286.7524338224
243	41.24056505642416	550923088.7734187	503919190.0381907	0.0	0	525401.2000784099
244	37.75484576042355	500530658.9405109	540897934.3491426	0.0	0	477343.23400546174
245	38.82419573452367	502809673.35029095	563554339.8746845	0.0	0	479516.6715147886
246	44.33809787494724	519789726.8152203	466047629.71154386	0.0	0	495710.11239549646
247	37.10429026518536	474291086.11957175	599346002.4393604	0.0	0	452319.22733266046
248	36.455108062314594	451181599.32184637	478165752.8184716	0.0	0	430280.3033083406
249	45.50919234546309	557056802.4814214	512838317.0582925	0.0	0	531250.7653059207
250	40.84975953911005	491195932.80348414	469105044.7894975	0.0	0	468440.9454378929
251	33.56976672283568	425909338.52268386	472359479.74820006	0.0	0	406178.7972666587
252	47.02103860677005	581935901.8382124	479468891.55277056	0.0	0	554977.323377812
253	43.11786882643085	542974481.2708687	499589227.38201135	0.0	0	517820.81725203386
254	37.103097254932884	450476286.6686708	532708617.1956275	0.0	0	429607.6647459705
255	32.8502458842263	418449734.71006	541379459.4271013	0.0	0	399064.7646999933
256	45.647646620855674	548675691.5729953	464915313.2034895	0.0	0	523257.91508960264
257	40.354907940635414	506280763.9989808	469878329.7966115	0.0	0	482826.961516362
258	35.9019015695474	456780453.1398925	578258023.6250614	0.0	0	435619.78639592393
259	37.95702551504783	492281199.7097314	468342633.43129987	0.0	0	469475.9366128266
260	34.54836190274356	435667737.09612626	503480149.70363617	0.0	0	415485.131355406
261	46.328132757304346	565568465.8161242	527012202.5969711	0.0	0	539368.1200181238
262	26.868226466151345	353730258.74844116	519823670.37475276	0.0	0	337343.46270412556
263	36.78845259840827	455597527.38156724	518688846.211327	0.0	0	434491.6604819941
264	44.77374302346182	554379388.1751683	504533375.97831506	0.0	0	528697.3840476688
265	38.447087275493146	464681941.8602827	472791621.94973326	0.0	0	443155.23324993404
266	36.388125759136	479121769.0272337	412789877.86906606	0.0	0	456926.1255524003
267	34.81386038130925	428027836.6667803	460030888.3375945	0.0	0	408199.1545360377
268	42.93718927218039	527382940.6282902	504562300.893212	0.0	0	502951.5653880025
269	39.349598750805804	482102213.51948524	483676568.5401074	0.0	0	459768.4989161352
270	27.831128448565668	371191639.68848556	518613187.2598347	0.0	0	353995.93323563144
271	40.748308189217745	503545635.704095	478474389.3225349	0.0	0	480218.5399094535
272	45.81805378237558	555066888.2889899	485570510.93779665	0.0	0	529353.0352487469
273	39.12643022476739	470820553.70400536	525527603.8369334	0.0	0	449009.4697036795
274	45.02545431570157	581317306.5154054	579264252.9068452	0.0	0	554387.3849062017
275	35.408631523392614	453220821.31429756	563681532.9188398	0.0	0	432225.05694799183
276	41.99310085395893	530327877.904146	506032356.16240776	0.0	0	505760.07643141353
277	43.08688653007381	541206186.0343643	491903367.08190554	0.0	0	516134.43950115633
278	45.52506815599279	568262764.1875564	469355699.3060231	0.0	0	541937.6031756938
279	43.665976804875214	557100575.4516007	582669524.6065112	0.0	0	531292.5104633338
280	38.78725152768628	469499480.2773624	482511217.1192213	0.0	0	447749.5959066034
281	39.679504267833195	475230960.5504569	484265109.58276063	0.0	0	453215.56143804255
282	44.847079623679754	547894373.6157068	519013794.82622087	0.0	0	522512.7922207899
283	40.242601071609045	548511546.4460794	498807133.63929147	0.0	0	523101.3740978997
284	46.13954431122071	571447185.3002216	504871641.9522893	0.0	0	544974.5038034642
285	41.83467802700115	518676521.76484686	462534318.56245	0.0	0	494648.4773300617
286	46.81301373666928	572803565.5530206	531865519.13629305	0.0	0	546268.0488138396
287	34.356524005921244	424899423.1672652	520249986.1013138	0.0	0	405215.6669304515
288	46.695580155895236	583646313.7307808	532334125.6560265	0.0	0	556608.4992702302
289	40.30192249110895	483994224.3908064	486512107.6035841	0.0	0	461572.8610904754
290	44.65456560364446	566877365.8360362	537952956.04002	0.0	0	540616.3843498573
291	40.76152814602256	503452828.485746	453282917.8909515	0.0	0	480130.03204893664
292	46.84502760968413	561963761.8890674	446207131.9680936	0.0	0	535930.4064646409
293	45.93238862050342	550692146.056402	459619519.17517304	0.0	0	525180.95594063
294	39.709248692999275	499782330.72184163	478757486.1276016	0.0	0	476629.57260307466
295	38.3091793809222	473894220.2320516	478724147.693303	0.0	0	451940.7465286747
296	44.47435936234594	536974658.9413128	470109129.8337469	0.0	0	512098.94079333555
297	35.89796308971167	447669110.7674005	478229308.5023446	0.0	0	426930.5331872945
298	45.54437747699288	557702693.8030654	517919965.0309173	0.0	0	531866.7352705625
299	42.4174527881415	528487542.2209861	501191163.71004754	0.0	0	504004.99555681815
300	44.94524932602579	555375988.6705872	532903766.14384425	0.0	0	529647.8163438675
301	37.89155989674061	487376196.38292634	467061050.12464994	0.0	0	464798.1609181655
302	38.67267616660499	478518861.815649	494327060.9898738	0.0	0	456351.1484295358
303	39.33598496999737	518465199.3303788	485695923.2293708	0.0	0	494446.9445518291
304	46.12837698046168	587216090.6412491	565749926.2362541	0.0	0	560012.9038250438
305	40.958899518258455	518278913.110757	509046650.6046535	0.0	0	494269.28816867544
306	34.39666418284801	457483702.80214965	495948343.92424387	0.0	0	436290.4575368401
307	42.73805112716762	538437547.8620983	519843052.63606733	0.0	0	513494.0603848442
308	40.52555612648952	520076063.04587346	454300331.5521233	0.0	0	495983.18390452705
309	42.21153623580701	551576083.9365742	631361253.7379646	0.0	0	526023.9447942488
310	40.653938059529445	520140641.409067	516130686.9400947	0.0	0	496044.7706309005
311	35.92085401906481	466464099.5352093	534829570.89598143	0.0	0	444854.83125229785
312	38.826386650729624	481493745.33347327	559135794.5472907	0.0	0	459188.21843478526
313	44.684011964721435	538028038.7662884	538754759.1234257	0.0	0	513103.5220778354
314	29.367392507389546	380705453.20195884	453019615.94238	0.0	0	363069.0128345099
315	36.87068615911373	517551339.9555949	471571385.01296866	0.0	0	493575.420337291
316	40.21419585932059	552063084.5902147	478303185.6237304	0.0	0	526488.3848096989
317	31.338575197581132	390277397.8624643	475877129.8405157	0.0	0	372197.5306152958
318	34.067263552028834	467170255.126469	547834204.2052349	0.0	0	445528.2737030688
319	40.04319559001504	506485576.74560654	530505548.8615487	0.0	0	483022.2861724915
320	31.36072639004498	405781749.7333844	431737178.85862327	0.0	0	386983.6327871175
321	42.84929715789888	543961663.6134119	518628152.8520531	0.0	0	518762.2676977271
322	37.920027982874835	494104313.396614	533618510.17672616	0.0	0	471214.59331189544
323	44.02401183182084	552879511.953895	520206144.6730674	0.0	0	527266.9906176518
324	30.452810245067816	406910242.34912974	506530169.4545828	0.0	0	388059.847211008
325	43.35192258064209	560945510.1841531	549179000.9671643	0.0	0	534959.3259660273
326	39.59343561940845	505411365.31632763	541780069.6611608	0.0	0	481997.83832199837
327	44.39424119197459	568486253.1248868	470920036.15481454	0.0	0	542150.7388352269
328	43.1788816233753	542584596.1355873	511147596.2971692	0.0	0	517448.9938121676
329	37.53283213136166	483362160.52124083	518505892.99605817	0.0	0	460970.07801174215
330	44.64530240899166	586289244.3187804	570682172.4765561	0.0	0	559128.9942920499
331	42.07552156229192	557744085.8710455	434276844.8900026	0.0	0	531906.2098226979
332	39.3378995707987	503232032.6576381	522618903.2770068	0.0	0	479919.46473850077
333	40.73920245768619	538120189.8718708	561363755.2197285	0.0	0	513191.40422045754
334	42.37200889114946	542370610.6671362	456465671.0823017	0.0	0	517244.92136682145
335	42.66053376992958	539528135.1785824	513495358.2147313	0.0	0	514534.1254983735
336	38.28759655095607	491017174.55157304	497235317.0847548	0.0	0	468270.46828419965
337	45.04740042416132	580347473.2238492	501098430.8405307	0.0	0	553462.4798048488
338	48.213605310857126	563771892.4168737	467562000.07675993	0.0	0	537654.7741097198
339	38.62392865152349	492139376.3462004	472411527.3302814	0.0	0	469340.68331356096
340	32.41406243060449	411344101.4275496	554001569.8278913	0.0	0	392288.30473666155
341	39.011642216059165	485604465.96781886	536315731.05568665	0.0	0	463108.5071256819
342	43.58503778971599	535386166.68974996	484360692.8270888	0.0	0	510584.0365312099
343	33.73759281863525	421512953.83400744	524904959.9700192	0.0	0	401986.07810402627
344	36.25927173207424	537202054.1946539	491238955.62672174	0.0	0	512315.8018061198
345	42.12818904238154	571495043.696365	473329858.33870614	0.0	0	545020.1451266906
346	42.77331350984567	565326649.6614912	540494852.4709083	0.0	0	539137.5061621582
347	44.007793509449876	533424531.4480398	447695988.62278044	0.0	0	508713.2753830333
348	35.1124229187738	441438554.9224484	510673850.9726091	0.0	0	420988.61210102885
349	41.003265764249335	520892652.82023513	508417089.66168886	0.0	0	496761.9445993757
350	29.976468927585202	394391024.4979541	570174835.6564976	0.0	0	376120.5906848468
351	35.17603811042249	449917786.7903521	543219319.1529381	0.0	0	429075.0377563021
352	46.1088307777461	567595008.2998383	554211640.9820204	0.0	0	541300.7815359479
353	38.617749991344745	479912926.8263217	530238312.3031719	0.0	0	457680.6324256151
354	39.922169072506776	501862182.176909	531689311.62275535	0.0	0	478613.07351771265
355	41.02422209607491	510343412.8488475	518824176.4526356	0.0	0	486701.40538105735
356	38.06415715336042	490779165.70326996	567663060.0352107	0.0	0	468043.4853584957
357	41.28183473791177	512711473.96987796	488005712.6585138	0.0	0	488959.7644518642
358	39.123656028917175	500086866.0103011	546513691.4254651	0.0	0	476920.0000861179
359	41.83169929600167	510409677.1660735	505767540.3600329	0.0	0	486764.5999584899
360	39.5259406620609	506952928.2124821	523844199.925873	0.0	0	483467.98726318555
361	33.224759211705404	421305637.0592719	521944219.9458354	0.0	0	401788.36542060075
362	41.12867260850337	510879150.9073696	506138746.50473446	0.0	0	487212.325007791
363	33.533290332470926	425584587.046512	523334030.0902801	0.0	0	405869.0901246184
364	44.65628589801041	572102666.5011473	608033987.2031367	0.0	0	545599.6193896742
365	43.999102473296	544360413.1098676	511151725.6489944	0.0	0	519142.54485117656
366	40.687007019915505	516889955.6508909	518970620.3015398	0.0	0	492944.67511262017
367	43.363096475813784	530808808.63635075	528788499.0077162	0.0	0	506218.7277186877
368	45.75882155224952	550699814.2346284	525376535.9126905	0.0	0	525188.268885258
369	39.4280574538558	491147813.2267422	530292737.2876516	0.0	0	468395.0550334381
370	38.86541271965579	489346161.1703216	467421300.96079826	0.0	0	466676.8657401289
371	36.56937377975814	459174749.243584	594537142.9195881	0.0	0	437903.1650958861
372	39.18595284152497	477945051.9777133	467436404.13147336	0.0	0	455803.9207245954
373	45.29283179646105	555382798.5635009	517168628.62767446	0.0	0	529654.310763837
374	30.876014954600002	388976021.1138428	414400639.10624355	0.0	0	370956.4410341671
375	33.14324731244893	432431014.3836321	565282425.5281606	0.0	0	412398.35203517176
376	44.79977840422612	538700617.4594206	528031895.70191944	0.0	0	513744.9431032374
377	38.872553223650975	491347979.7898884	547996417.2426418	0.0	0	468585.94874371367
378	39.85827431798802	482705493.9733154	465979609.3684726	0.0	0	460343.83199054305
379	41.159967050192435	500289773.627699	518309439.7738484	0.0	0	477113.50786943355
380	46.854511739596134	593013667.1623709	596163714.3579794	0.0	0	565541.9036506374
381	40.20267666542304	486461052.8612367	458347203.7571327	0.0	0	463925.41204570467
382	38.901451029466536	486068672.4814016	450267788.47517353	0.0	0	463551.2089551943
383	36.95484266072825	456343545.7174301	537439997.1152134	0.0	0	435203.1190084745
384	46.86576190876046	590860649.444014	516062400.1833439	0.0	0	563488.6259498731
385	43.01820752443679	531338087.6592779	542822495.7655374	0.0	0	506723.4875290663
386	36.14141524100572	467218856.1053421	426766581.8768187	0.0	0	445574.6232083721
387	41.02006042140564	581162079.5953867	526473283.7387643	0.0	0	554239.3489793651
388	47.093938866094796	585475634.9681907	534636727.38262504	0.0	0	558353.0759508043
389	35.652093686574204	482272577.5789168	589181654.3519423	0.0	0	459930.9707440535
390	37.984264345345935	494916176.4314025	574376614.154364	0.0	0	471988.84623661265
391	41.67051129095175	530297346.24810195	508476144.0570448	0.0	0	505730.95917520724
392	43.62614559074813	540284157.6313741	491475392.6075301	0.0	0	515255.1246942273
393	45.28080324932923	578739212.1176679	516191429.8046981	0.0	0	551928.7224938086
394	36.103864185164916	453312604.8513663	544598295.1329931	0.0	0	432312.5885499635
395	36.239765124609264	457150376.5204363	440829034.39635205	0.0	0	435972.57282298675
396	47.99572876206915	574258544.2062962	523316055.0267279	0.0	0	547655.624586388
397	40.637370812917254	529350464.26528895	479226444.82846487	0.0	0	504827.9421475303
398	44.29061316531663	560460251.2529465	505637620.0463133	0.0	0	534496.5469865289
399	40.57904888514783	520400256.37172425	579562175.6954858	0.0	0	496292.35875294136
400	46.1267543836281	574297214.9542533	512517577.51134723	0.0	0	547692.5038855106
401	45.09644921303175	555546832.679016	474685096.04817295	0.0	0	529810.7458868179
402	48.331180481794014	595861859.98702	541667005.2733238	0.0	0	568258.1519956779
403	45.84987634600293	566816611.338493	544580319.3034061	0.0	0	540558.4443459446
404	41.59581512476127	512699819.5375095	492652197.37853193	0.0	0	488948.6499190421
405	40.00169382262668	495777686.8471161	546051950.4628391	0.0	0	472810.44659339555
406	36.84964833565283	467808207.86926466	475072728.7035971	0.0	0	446136.67284895387
407	32.74988178406733	422019731.98849225	520318593.16675687	0.0	0	402469.37941407424
408	44.874391846561444	547180548.8091863	504607986.76917297	0.0	0	521832.03583639744
409	39.900139741119396	489691788.85111195	520370206.4132757	0.0	0	467006.4819823379
410	38.75368485752273	482364825.07550025	500102028.79496366	0.0	0	460018.944812298
411	46.87484176703842	557053972.8650397	492740946.2313804	0.0	0	531248.0667734524
412	34.01262824376295	421574032.0435427	439966256.2183154	0.0	0	402044.3268237522
413	36.32105270351958	446412285.499773	449365462.0904013	0.0	0	425731.9312093478
414	43.13725014737475	555064159.7145603	562751634.6104171	0.0	0	529350.4330773929
415	47.35420836020803	588124928.5832047	509529386.67283183	0.0	0	560879.6392280625
416	44.11545285689655	550509489.43079	509412228.34589976	0.0	0	525006.7610080623
417	35.11145509449368	440340415.3001169	520390873.980418	0.0	0	419941.3445473832
418	40.97108300003382	496435929.8760147	460474228.1873613	0.0	0	473438.1960640093
419	38.937850394088095	487403054.12322366	504309254.5090422	0.0	0	464823.774455284
420	40.52102569400412	506029866.0156511	518194888.8615404	0.0	0	482587.68655362236
421	43.00858273389242	535532476.84351087	527303958.161307	0.0	0	510723.56876708125
422	40.72770930912918	497318823.8848375	528411701.80783033	0.0	0	474280.18940433254
423	32.154028447638964	425670969.74208736	512751223.7286757	0.0	0	405951.47108277056
424	38.80931147581939	476052262.2460235	507438352.96446776	0.0	0	453998.8157711251
425	39.13773444305411	501927640.4401258	547582152.8880129	0.0	0	478675.49938213895
426	40.29282923910161	496982791.7906166	480083940.3785039	0.0	0	473959.7242265857
427	44.33920218324038	529885562.1449447	499097630.75067717	0.0	0	505338.25125212176
428	36.87124974821745	467807981.16099155	500401164.20337474	0.0	0	446136.45664309646
429	42.37785093474798	528909283.1980346	543479841.2674912	0.0	0	504407.19909480534
430	45.43819452767654	542476130.8727391	513782203.5719856	0.0	0	517345.5532767668
431	45.12259933483943	560001835.9307468	484516692.8150893	0.0	0	534059.3680675
432	35.780719742136796	482268556.2611056	503929514.5476452	0.0	0	459927.1357165391
433	36.75860633618572	463062101.0005371	519889823.92902327	0.0	0	441610.43262532895
434	40.65380028488061	518395283.89648384	499108755.30790514	0.0	0	494380.2679982031
435	41.1828802001871	523808963.9249362	524583356.3562837	0.0	0	499543.1555985797
436	40.14649384380322	523875766.1507864	526887887.5585247	0.0	0	499606.86316565174
437	44.03524330216346	564505199.5125495	513505354.11117685	0.0	0	538354.1102529042
438	34.61617082645053	460473456.0754068	441487389.89993614	0.0	0	439141.7084459369
439	37.22437920767615	521106314.70877385	456977645.1529747	0.0	0	496965.7084548697
440	40.75463008862854	501877160.7006897	499776312.4411002	0.0	0	478627.3581511398
441	38.06041040194215	497269264.29753345	584759795.5567081	0.0	0	474232.925698789
442	28.18447968736504	447325120.2630099	500269385.84759176	0.0	0	426602.47827816976
443	33.64858002545115	486507882.72978294	539213631.3428488	0.0	0	463970.07248857775
444	33.65110460261003	435827768.2012611	443090632.9627041	0.0	0	415637.74891019944
445	32.45735293649742	551658409.3192422	466882582.97393656	0.0	0	526102.4563972877
446	29.807818596858258	446209126.10464615	468140737.93142474	0.0	0	425538.18331207865
447	33.31350997785571	472907200.8080881	531658726.8676558	0.0	0	450999.45145424636
448	39.774801070971854	521355609.9120453	476059199.7147627	0.0	0	497203.45488743327
449	38.20669845078285	523022942.0200392	475920609.7843373	0.0	0	498793.5466957465
450	37.124061771608424	504276503.7169612	495929685.26682603	0.0	0	480915.54996200674
451	33.33195509698389	442797384.4550915	468358197.0753728	0.0	0	422284.49292668485
452	41.849210575585936	523044045.14801115	540087269.020396	0.0	0	498813.67220688914
453	36.9239895573071	491496819.26909184	545923716.028002	0.0	0	468727.8931322971
454	38.725666699767444	482046613.51742244	464488486.5938845	0.0	0	459715.4746221756
455	36.50348125097968	472951442.74408054	549996459.2147884	0.0	0	451041.6438523106
456	39.04213219231941	536126235.98807293	516121739.34653515	0.0	0	511289.8216133814
457	39.66735524312335	546149587.9654086	542633995.5473819	0.0	0	520848.8349584662
458	41.68757597410303	560627346.9587647	475771391.06604743	0.0	0	534655.9018695495
459	39.09615164049242	511710640.7389647	509805450.2715682	0.0	0	488005.2955045364
460	38.17465796713397	485740163.36728114	538059973.7771184	0.0	0	463237.91825035214
461	31.043447668279182	412779330.3996341	524735386.241071	0.0	0	393657.0457455004
462	38.65415582782869	510299684.0502704	579384708.8649749	0.0	0	486659.70234896697
463	31.78940541555734	391967654.334254	496488841.621744	0.0	0	373809.4848005811
464	37.38464997235648	483735467.27050275	522366161.43383574	0.0	0	461326.0910706546
465	41.96007899494647	541001179.4431294	536684433.31964546	0.0	0	515938.92998040153
466	40.06017312504163	475935728.9739534	452846154.5038091	0.0	0	453887.6809825453
467	36.77858935124148	487392884.81988716	528127038.7958701	0.0	0	464814.076251876
468	39.641104863997	493281319.6149245	508550760.84684986	0.0	0	470429.725279736
469	42.45279042231209	518674772.1402044	524311857.0395068	0.0	0	494646.808757977
470	36.04464348144076	453626560.2466614	519618097.3116541	0.0	0	432611.99974695354
471	39.15436624402794	495013920.9094385	475293524.7430714	0.0	0	472082.06263488624
472	37.606811785964894	453279207.5977817	493767629.81064725	0.0	0	432280.7384469813
473	36.43919131808695	483894091.50384766	520340100.96340066	0.0	0	461477.36692795524
474	41.971670113631355	518470973.8212262	517116509.20129573	0.0	0	494452.45153544034
475	37.81383708160548	481038617.86768997	478187976.69660276	0.0	0	458754.17505997664
476	35.13051593253696	448236403.2577729	547166194.699058	0.0	0	427471.5454652528
477	35.546729882054706	468985161.3664285	523599767.6142096	0.0	0	447259.1031708033
478	31.614747338974247	399834855.64285654	586977042.0096579	0.0	0	381312.23263059295
479	44.394880547004895	557448930.9939374	598732244.0360096	0.0	0	531624.7281970379
480	42.30173000989503	533989928.8320038	534372611.2784594	0.0	0	509252.4803466832
481	47.762951867702625	591498718.5175128	545223496.7221942	0.0	0	564097.1360373618
482	42.968877577113204	527651908.7697962	529751597.51603276	0.0	0	503208.0733964884
483	43.094963492115525	532544111.5399006	470348794.1376185	0.0	0	507873.64152898826
484	46.34779338830448	580512299.0878302	543948463.3056873	0.0	0	553619.6699980071
485	36.468774082577006	453079020.4686331	449555430.4792247	0.0	0	432089.82512343716
486	40.25363865629222	508484851.24930906	512291624.0591204	0.0	0	484928.94291811856
487	39.013256431330106	494596666.6309095	553159418.730506	0.0	0	471684.1379460425
488	40.90097681726701	525332350.6483654	490836646.5647967	0.0	0	500995.9703906683
489	38.929664204414635	498862871.32902324	505687416.7863298	0.0	0	475752.7077951654
490	31.694340481494997	407161701.9922451	480251482.5605558	0.0	0	388299.6578142596
491	41.376085288899674	516946319.97515255	511284908.8356217	0.0	0	492998.42832103017
492	45.42803491226785	564766381.3834178	524501978.64099914	0.0	0	538603.1926950627
493	43.43061570294384	564109426.1200585	517666953.8983741	0.0	0	537976.6713333689
494	39.37462905595276	522540115.28156304	560708447.2009952	0.0	0	498333.08723598777
495	43.365411001963984	559095169.0940769	580663736.1929153	0.0	0	533194.7031918303
496	42.08469080980803	534769263.62313515	559535693.9078499	0.0	0	509995.7119208671
497	36.66605914078375	461182847.93643767	497518404.25718	0.0	0	439818.23724406975
498	36.80704807554795	461786974.49922585	502705655.5415254	0.0	0	440394.3772308597
499	47.00899203710032	570566861.490129	502817423.689186	0.0	0	544134.9615956582
500	30.747103532306493	385267889.6239422	458616818.20292985	0.0	0	367420.0912703917
501	39.30532808312731	503177473.77643955	484919811.1962221	0.0	0	479867.43333477
502	46.16793252197582	567150789.7411098	573016717.0102465	0.0	0	540877.1417056177
503	37.3177209121803	489990631.4324114	549686788.939733	0.0	0	467291.4804767717
504	46.421683768390245	572952742.7457621	571076819.9603622	0.0	0	546410.3152711509
505	39.35130546866071	493497663.8074605	592136008.4465483	0.0	0	470636.04717966117
506	44.466941305242315	547232787.2876714	491709779.1877743	0.0	0	521881.85433165677
507	42.29042198518224	509094612.90416265	484685628.5755517	0.0	0	485510.45694748184
508	41.40303598755141	504412702.45747656	438623990.00480086	0.0	0	481045.4392027629
509	33.25651098782128	423777860.1295918	442002223.27021295	0.0	0	404146.06106719194
510	42.72105188273107	535612339.29044574	500244585.1760682	0.0	0	510799.73153156793
511	37.58930920436281	487911142.5496479	553883271.5209566	0.0	0	465308.3253380278
512	40.40674113392448	486835803.6503041	528765238.1448015	0.0	0	464282.8022482911
513	43.38966108020605	555404108.6611046	506843791.32740116	0.0	0	529674.6336566015
514	45.1719917209967	573029817.1721803	481416811.3455926	0.0	0	546483.8191720775
515	31.88263137022614	421139147.0961981	571461664.6835637	0.0	0	401629.58821887797
516	46.57724091387492	575744331.837854	477099854.060022	0.0	0	549072.5820902388
517	43.94007175042496	542799392.4959705	516403408.07016486	0.0	0	517653.8395843224
518	43.83029044106311	544722209.7335669	444324258.61449385	0.0	0	519487.5809989613
519	36.39681643928725	454521104.49241	553561685.3811084	0.0	0	433465.10361901287
520	47.80272912786927	588791836.7132704	517559658.79010093	0.0	0	561515.6523831083
521	44.53106827302852	539347303.9032528	525557951.8233438	0.0	0	514361.6713554886
522	28.312024211082626	376803820.7314117	438667204.4680973	0.0	0	359348.1261552923
523	41.82835703484402	528402686.4798095	553810786.792914	0.0	0	503924.0708158584
524	44.35721497371022	538981161.442423	438773984.09797895	0.0	0	514012.49069444934
525	43.57401126003188	535520371.92631316	498049010.8666237	0.0	0	510712.0246184476
526	45.92580523053591	576556871.6988986	432376798.42290395	0.0	0	549847.4804867732
527	40.20653261916217	510752043.85685295	527579726.43035597	0.0	0	487091.1062782792
528	41.05536936510427	509858079.6626099	507631850.9661679	0.0	0	486238.5555864428
529	40.53931544461955	503158770.7320843	530421157.1552559	0.0	0	479849.5967217294
530	40.48287224090909	522395930.21419543	551056537.5718573	0.0	0	498195.5816404299
531	45.64746191571803	560926382.3230197	503558319.7215055	0.0	0	534941.0842161364
532	40.9741197725107	498195647.3177964	516443142.7141337	0.0	0	475116.393392369
533	45.78456180937943	575861122.6547576	537939112.2650794	0.0	0	549183.9624927114
534	35.43789086385524	438171612.19756097	452221995.84585726	0.0	0	417873.01273113326
535	42.368551464753125	508129263.04513055	447324808.5121609	0.0	0	484589.8275805765
536	43.54253892311781	538331355.540411	513831428.103159	0.0	0	513392.78749505145
537	36.54225529492055	480056169.4473375	479389932.9794928	0.0	0	457817.23923429236
538	42.11026889721128	505064791.32604253	534454557.6149651	0.0	0	481667.3196087291
539	46.0950258158154	567329815.3166605	516769691.1482533	0.0	0	541047.8737990002
540	41.13172789958643	510014023.36932355	491741803.0132885	0.0	0	486387.27509434085
541	40.53192518271502	503070037.2493074	507636579.54868174	0.0	0	479764.97387819976
542	41.43690744422128	515106587.59423417	513817805.9133812	0.0	0	491243.9228002874
543	48.498444293366866	602137324.3334324	593253682.150399	0.0	0	574242.9011663747
544	41.53680285582965	513868662.8623171	485796078.48043245	0.0	0	490063.345777814
545	39.52508217866146	487633004.31523764	523114167.71568537	0.0	0	465043.07204746
546	45.85560061202767	568604320.3335673	520611293.0863926	0.0	0	542263.3364997553
547	44.71595086957301	548178071.6592565	522589404.65768903	0.0	0	522783.34775853757
548	43.165086821043985	534705890.6019656	583776823.8456098	0.0	0	509935.27469822456
549	38.2194260596064	484107351.8279604	538410897.1544126	0.0	0	461680.74782177
550	46.181900999073	576656776.5676203	515726864.4245707	0.0	0	549942.757194157
551	44.67900908461935	554472540.6952873	460151962.50705045	0.0	0	528786.2212136148
552	48.85592856585775	590060577.7458816	537496474.3153359	0.0	0	562725.6181200806
553	39.55886360874955	485710494.7957838	491043047.7374834	0.0	0	463209.6240957105
554	35.56713868192981	451457005.3375208	530693660.503761	0.0	0	430542.9509520729
555	38.9960145585372	490766031.8891108	510358487.94200075	0.0	0	468030.9599772556
556	37.60741291776541	461060382.84419686	441837447.0570093	0.0	0	439701.4454309434
557	41.09914595677844	520806811.99975944	394955976.6785455	0.0	0	496680.080413589
558	41.35750084131481	512930926.68288285	439930249.05472195	0.0	0	489169.05086792295
559	31.681354372776045	391768705.7360438	488292981.4679729	0.0	0	373619.75263218273
560	42.524078089612686	522881999.2740939	478793998.529149	0.0	0	498659.1332188549
561	41.40439635713525	492143020.63986474	429224008.9603747	0.0	0	469344.1587828302
562	39.80919381234039	507809488.3783819	480324397.9123738	0.0	0	484284.8666938609
563	46.32401941433202	569908579.9650875	523290762.81428766	0.0	0	543507.1754122615
564	35.960071813993466	433112639.9176285	386481955.9366931	0.0	0	413048.4008003508
565	37.2770574822299	463594229.2550341	502427241.31603885	0.0	0	442117.90967467683
566	47.60693296617462	589995212.551082	547340072.7612947	0.0	0	562663.2810126133
567	38.58514474854644	490262199.23158205	506215742.7463836	0.0	0	467550.46771200374
568	42.43640408916463	540124423.0609056	578900582.3652453	0.0	0	515102.78993692895
569	43.35921044867304	539865325.5051088	459629144.57471114	0.0	0	514855.6952525225
570	37.91984531586602	486589146.4422159	494737340.6043703	0.0	0	464047.5716039808
571	44.34997232287643	542640884.8003975	503694658.13124	0.0	0	517502.6748661019
572	31.992533374547985	436086695.28937614	537273568.6887127	0.0	0	415884.6810239564
573	43.395465769471805	535826894.42215645	488487524.3582913	0.0	0	511004.347250134
574	42.60679123772827	533379959.68535644	531058239.4067818	0.0	0	508670.7684377253
575	44.35789752389927	547977223.3793678	597195132.1077878	0.0	0	522591.80391251337
576	31.449460706493905	434865149.12506884	500278361.79205763	0.0	0	414719.72382075194
577	43.60059013942951	538607882.0444822	493566759.9437913	0.0	0	513656.5037197898
578	38.63361677982247	480824929.05165	468553614.6152596	0.0	0	458550.38552441593
579	40.50756223364314	519045049.60012794	564446156.7701234	0.0	0	494999.9328614502
580	38.8766113134738	466904339.71979684	414747479.3484669	0.0	0	445274.6770093889
581	36.91471871777738	472065376.4439976	464564729.4483471	0.0	0	450196.6251792884
582	39.25199201838421	495834971.97990185	509365717.1384192	0.0	0	472865.077953245
583	37.571603350550824	489369759.0250183	559644737.330976	0.0	0	466699.3704080755
584	39.33030138973238	490126452.57399124	511556588.6687861	0.0	0	467421.00961112144
585	43.93510029669585	548117583.634268	542845611.2495286	0.0	0	522725.6618826562
586	43.57343964388813	529713754.4762574	453283333.5598133	0.0	0	505174.40269113285
587	43.432089464184926	547651856.958197	540147841.8819487	0.0	0	522281.5103132218
588	39.10363907248778	494542926.6739322	489793837.43085825	0.0	0	471632.8875293085
589	40.40517265972589	506598312.58756274	528739325.0959608	0.0	0	483129.7994495034
590	45.63802135855272	572028472.3411245	509981907.9776921	0.0	0	545528.8623248335
591	43.016886419371026	539062296.3543823	597013228.4516371	0.0	0	514089.8669761489
592	41.73736031106708	511351135.56466097	524500319.3363052	0.0	0	487662.4446531878
593	35.97330878462421	449853739.7236931	499631780.4739728	0.0	0	429013.957713788
594	36.70666416617309	496462373.47333413	484547113.5744172	0.0	0	473463.41464360623
595	36.544361504140454	462229074.97684723	486832730.840645	0.0	0	440815.997101638
596	30.636418571984688	413518442.97277534	486195584.70025414	0.0	0	394361.91842343844
597	40.52676780472753	499971171.55262667	428398364.41199815	0.0	0	476809.6652532831
598	30.17712751083201	408619993.0130353	540324293.380701	0.0	0	389690.392506633
599	40.26108194805087	505101198.88114417	479802285.41412914	0.0	0	481702.0405589524
600	31.587596196366867	441486967.0304266	512932936.2740075	0.0	0	421034.7814850107
601	43.76014786614633	558153662.7958716	600708686.798083	0.0	0	532296.8128164972
602	36.41328056550719	476501801.07018226	518651376.47300977	0.0	0	454427.529401953
603	40.2045477385828	506483503.0641861	490158119.0107332	0.0	0	483020.30855578027
604	36.67234208465036	497421545.54673505	485561815.01583475	0.0	0	474378.15241502295
605	37.944965730481634	484322806.1021338	531462615.8228919	0.0	0	461886.22102940903
606	41.368222855363996	520134855.5049549	574579751.1799309	0.0	0	496039.25276275154
607	34.795732873668236	458172814.50161093	505972754.16345394	0.0	0	436947.6456657514
608	45.12431248814617	581584400.968535	599761881.9365958	0.0	0	554642.106026206
609	36.2831444716272	460388477.66820633	429241316.86392546	0.0	0	439060.66672154085
610	39.27034009915595	536234896.5465719	496341040.06735295	0.0	0	511393.44839722826
611	8.6091462313043	460213259.27009964	403519750.50271934	0.0	0	438893.5654355046
612	29.917597793319793	496116005.90968573	490374121.93821335	0.0	0	473133.0927941185
613	33.935547866503406	499616517.25029784	483444328.1494532	0.0	0	476471.4405539494
614	29.335037811457646	492271332.7528691	478472262.8942872	0.0	0	469466.52674948587
615	0.829129755896822	411426231.4341706	364270226.92540264	0.0	0	392366.6300145822
616	0.995527166371724	408341236.8187552	382451285.66710943	0.0	0	389424.549883609
617	7.9002839276006345	443302139.576993	430079279.81164056	0.0	0	422765.86492251686
618	8.820264184111776	439523180.8333431	372930214.949523	0.0	0	419161.96902593906
619	3.3227934852222396	440931158.1666298	390529608.9888528	0.0	0	420504.72084677673
620	33.32352978235153	509931460.86110187	463229206.21403795	0.0	0	486308.53735075175
621	7.184153535089387	431571112.9966355	362519168.4275443	0.0	0	411578.28616775083
622	7.08703435949677	374055191.47351116	380488182.1053734	0.0	0	356726.8290267095
623	13.210679678239066	420339458.56243944	462304196.9539789	0.0	0	400866.9458031077
624	13.777080599971056	419548720.2320484	409917680.24258345	0.0	0	400112.8389664159
625	20.05350011913244	484414362.1174633	446567219.9117456	0.0	0	461973.5356497413
626	19.07165723414731	495534331.5461856	510557458.8947392	0.0	0	472578.3648931367
627	23.275720914402182	495079084.8778188	569573596.9556236	0.0	0	472144.20783788577
628	22.08328937129377	458487266.0991918	402614608.12696725	0.0	0	437247.5300781172
629	35.366288695450514	541491740.5557526	538922074.3748826	0.0	0	516406.76551413804
630	23.947968605790123	461627994.0707782	508360303.5623867	0.0	0	440242.76167943794
631	33.19975308797693	540602028.5519875	539010315.3874952	0.0	0	515558.2700271491
632	33.044586732144126	507540412.92585385	526506017.9100389	0.0	0	484028.25634560967
633	32.53290491458959	503624448.26083803	536495620.0012171	0.0	0	480293.7014206294
634	28.316440555424936	430753231.9452777	541041429.0562221	0.0	0	410798.2940151956
635	34.947389935228756	511548934.2460696	448920558.7345762	0.0	0	487851.0801754662
636	29.625865177383833	500360411.3137013	481009454.8146409	0.0	0	477180.87321634416
637	41.73458666991538	558311404.417699	542119624.9474297	0.0	0	532447.2469498623
638	32.87992085469247	519221967.85990596	554663700.3387886	0.0	0	495168.6552619038
639	27.923992682730937	426156154.1525153	432238540.4587061	0.0	0	406414.1789937166
640	39.48548674270152	506764565.8862581	448468093.2633398	0.0	0	483288.35095048737
641	35.997130576656865	518971102.7325875	494162685.3075321	0.0	0	494929.41163309844
642	29.2433349094082	493325016.1491803	527129706.1304687	0.0	0	470471.39754217153
643	45.26891190441142	567290693.1403048	475061179.40717244	0.0	0	541010.5639842078
644	43.338636538438884	556060896.1017411	452227649.40580463	0.0	0	530300.9949700746
645	31.71139295568236	479729520.8482332	493569743.4623934	0.0	0	457505.7228548368
646	42.38143317767628	535091156.8733613	484536457.04614395	0.0	0	510302.69324623246
647	42.15147698465316	554232483.6380392	579142942.8205231	0.0	0	528557.2849636452
648	40.394828775183875	548860363.4143165	464856102.54382354	0.0	0	523434.0318816341
649	31.54977108758831	517170388.309553	427490814.13370186	0.0	0	493212.1165366679
650	34.28290259973059	539732122.9746972	489111059.7229547	0.0	0	514728.66342038824
651	35.56948602180417	543815660.4920888	461193722.85150456	0.0	0	518623.0282708062
652	39.002895511772635	496040145.23474425	548231234.2156805	0.0	0	473060.74641680176
653	33.91447242812448	458726027.9077637	480766636.3043464	0.0	0	437475.23108269117
654	37.421819655299515	482062932.06148297	493947906.81368214	0.0	0	459731.03719852725
655	42.006309950102995	546043829.8274202	457334718.17955077	0.0	0	520747.9761385159
656	39.350605671823466	511055872.7930844	550231308.8727236	0.0	0	487380.86013134406
657	35.46202818232676	510267047.67586315	480282112.39390755	0.0	0	486628.57787691423
658	34.44632537294625	506317735.14671755	442331000.43111396	0.0	0	482862.21995040664
659	40.4761238293802	527863373.100877	536153013.93811333	0.0	0	503409.7414978759
660	37.323352751424146	548216552.3671317	432026000.1124309	0.0	0	522820.0458213155
661	35.03814371679532	483627986.84016013	417059662.4700277	0.0	0	461223.5897447205
662	44.484054649939374	553034387.22796	476290987.00463635	0.0	0	527414.6911887742
663	36.92747285289568	486389153.7798007	563599157.312926	0.0	0	463856.84373836574
664	40.67095070233685	505102359.7371445	505266190.6717661	0.0	0	481703.1476375049
665	40.59719802341862	547235920.1222724	643868877.6680477	0.0	0	521884.84203555336
666	38.841555751522634	496371608.2767171	500668980.46709275	0.0	0	473376.8542067692
667	44.36997271588268	555356747.0559611	523211234.03100055	0.0	0	529629.4661101925
668	43.04782500324099	531707514.1299975	461737463.09444666	0.0	0	507075.8000659918
669	37.912670664697096	505357671.98903126	501620530.4951862	0.0	0	481946.63237479335
670	42.95636393687411	572139090.8617554	529664676.3567132	0.0	0	545634.3563668779
671	40.656783049666124	528288418.23552686	476530836.7611366	0.0	0	503815.09612610505
672	37.61243745791035	482303009.2275031	506534835.4061963	0.0	0	459959.9926257162
673	38.6384850574969	525587490.23205876	481091112.7503733	0.0	0	501239.29045873514
674	41.49558164050885	532047809.79168344	513735025.2191421	0.0	0	507400.33129852597
675	44.87684150319705	568503194.3357038	565055125.2223284	0.0	0	542166.8952328719
676	40.761554841842745	509837140.71543205	523984746.9438484	0.0	0	486218.586650307
677	38.85724172077964	519776435.5726944	509091498.46448416	0.0	0	495697.4368788666
678	43.282003893406106	544764540.6235387	511269200.8401741	0.0	0	519527.95088151813
679	41.526459043177844	552268794.4611349	546047038.0789148	0.0	0	526684.5650302266
680	36.04279613983997	505616977.951088	468693145.00189203	0.0	0	482193.92581089813
681	36.65337025109377	463013595.1392849	488869714.8800535	0.0	0	441564.17383125774
682	41.558133151287834	513180633.35086334	447483299.95399415	0.0	0	489407.189703811
683	42.12402084449305	510234645.99815494	462017156.6835778	0.0	0	486597.6772290756
684	36.94300226902057	478539446.9981244	547174396.2351052	0.0	0	456370.77998936124
685	40.711094898141965	497496666.7609701	521624001.1810244	0.0	0	474449.7935876563
686	41.07863046606701	530758358.8370845	541330556.711041	0.0	0	506170.6150408598
687	42.92583875625456	540787609.5337123	563398841.4795289	0.0	0	515735.253843033
688	44.874851266768296	565270767.2581825	528272220.56303865	0.0	0	539084.2125493838
689	46.92894359710543	569801374.2918249	503653039.1178818	0.0	0	543404.9361150977
690	44.40189231884215	555532844.8735533	514292736.10213244	0.0	0	529797.4060760052
691	38.1792868855926	459688313.0487909	480780235.3331397	0.0	0	438392.9377067479
692	34.94553534818482	450514836.73932284	487080029.00364846	0.0	0	429644.4289582472
693	46.32071894837543	569919049.1848277	503013998.74618286	0.0	0	543517.1596382407
694	47.723316879475895	586979124.5134972	529090651.5326263	0.0	0	559786.9153151484
695	42.541370223126734	548115209.68982	504554626.41439945	0.0	0	522723.3979128076
696	32.97399184574215	428790005.51547617	514601163.9153567	0.0	0	408926.0153918038
697	45.75047798667821	563800235.9709369	523012014.69578606	0.0	0	537681.8046292657
698	38.72326306338552	497681460.6071366	615144147.0280939	0.0	0	474626.02673257503
699	42.521478558195874	525148885.6730394	512433161.01904315	0.0	0	500821.00455573964
700	44.059984667555405	533427140.87320566	424643088.47891974	0.0	0	508715.76392479485
701	44.99243552278406	568232856.1060234	589156661.494957	0.0	0	541909.0806064829
702	36.98620550212718	457507746.65416056	522419563.09448206	0.0	0	436313.3875409706
703	42.08828591460777	525229550.7810543	539076482.4829575	0.0	0	500897.9327974835
704	44.71868902932065	563045870.0561099	538278771.723105	0.0	0	536962.3852311231
705	48.21770054800912	601528780.8245541	543275531.3488934	0.0	0	573662.5488515421
706	45.124227536166146	558967582.9629177	525618653.62586796	0.0	0	533073.0275754144
707	41.7336293493813	509449352.64380205	481469403.29064685	0.0	0	485848.76312618447
708	48.13555095410235	569230888.4113705	540984788.9851055	0.0	0	542860.878383036
709	38.98710822449973	506833884.9540258	546242821.9767244	0.0	0	483354.4587650544
710	42.490404168503765	528505410.0103889	478982113.6286742	0.0	0	504022.0356086624
711	28.524598291001723	371592188.00040877	503348976.3203753	0.0	0	354377.9258731925
712	46.5536337492371	582377351.3813984	571100094.8722034	0.0	0	555398.3224691375
713	39.241296263369165	515376337.6775801	487781243.56017274	0.0	0	491501.176526623
714	39.057728901960466	479241176.7377963	541839588.3771182	0.0	0	457040.00161914475
715	37.658040648549665	498643807.86720365	479333198.8537574	0.0	0	475543.79259796464
716	39.70791306734014	504917910.1028339	457118816.8905776	0.0	0	481527.2427585926
717	38.38648740876195	477709061.6204134	397810231.48855025	0.0	0	455578.86278191884
718	41.47911101140954	513654501.28677595	428229251.8218428	0.0	0	489859.1053836593
719	44.5264451969756	553190330.8756102	480842262.5089863	0.0	0	527563.4106403446
720	38.945593031186405	522694148.45325106	616888929.5481352	0.0	0	498479.9847157012
721	42.65426239842573	535100799.3589703	477769349.0040375	0.0	0	510311.8890371039
722	42.584200126913984	547243681.1173536	487715641.59090424	0.0	0	521892.2434972319
723	40.61778207998746	500761819.86180496	524942225.90238285	0.0	0	477563.6862390564
724	42.03738863465682	521222562.6606675	554184451.5590534	0.0	0	497076.5711409257
725	47.221705151395774	575656868.1806127	535681724.42602354	0.0	0	548989.1702467084
726	39.24273563370713	500476460.9415772	526206639.48792607	0.0	0	477291.5467658777
727	34.542423768689915	445130040.34221286	566350999.490061	0.0	0	424509.08693524636
728	39.13998545750493	483576777.85848534	568555091.5176793	0.0	0	461174.753054128
729	39.84072922890939	507115692.32828826	549581267.3343725	0.0	0	483623.2112200625
730	38.266254704310555	515492770.14870036	445368988.51570237	0.0	0	491612.2151839259
731	40.88404195622137	510006500.51101935	508746341.9881748	0.0	0	486380.10073759005
732	41.363623544219124	530406425.22434163	471244389.14459574	0.0	0	505834.9849933066
733	45.13042163210159	559340863.7499235	532868150.9174025	0.0	0	533429.0158747897
734	34.685484034713426	456433756.747205	458844536.3838124	0.0	0	435289.15095062734
735	42.19577094894331	528627791.1627783	509099378.1822456	0.0	0	504138.7473705087
736	44.087770314870895	549710938.7591667	562347681.8375967	0.0	0	524245.2037421861
737	39.14976635965272	480625539.8568955	525452103.2966999	0.0	0	458360.2331704097
738	38.58630424994404	511009508.9168121	518953999.6364036	0.0	0	487336.6440933343
739	43.63398644595835	543492390.8301351	475506619.64052474	0.0	0	518314.7342969277
740	44.182304705821586	555543982.0115197	492877778.7063878	0.0	0	529808.027278442
741	29.596876920072305	398024668.7890572	513147347.94808924	0.0	0	379585.90392022836
742	41.074399705826025	515167279.5594619	560519112.8169128	0.0	0	491301.8031687372
743	47.85030154584036	579185904.3328841	522181678.66283256	0.0	0	552354.7213867988
744	41.77528888392093	512046997.55296737	508559077.43176085	0.0	0	488326.0703591989
745	42.78491272720218	538952254.9360774	523508934.14076114	0.0	0	513984.9233017705
746	42.10984171429284	535189154.69389665	515129222.4772454	0.0	0	510396.15125074075
747	37.65257063587085	474152069.1582228	539335716.7376285	0.0	0	452186.6504270771
748	40.2840339496033	517071345.87106323	511032568.4560079	0.0	0	493117.66230684594
749	43.42366630292282	552144527.5903511	541213608.08011	0.0	0	526566.0549071799
750	41.257306202870296	532858957.4385774	462052769.3198402	0.0	0	508173.90197618236
751	45.58236958435186	571744552.4448906	508377471.6689647	0.0	0	545258.0952118782
752	41.26978636985106	493480954.87114304	479147123.9423636	0.0	0	470620.11229624075
753	37.39079721886938	483987787.6783564	557612644.1939	0.0	0	461566.72256313
754	39.49992349880069	523760331.3642026	497428417.48516536	0.0	0	499496.7759744669
755	39.13331640993854	482744555.3656938	555994264.1046247	0.0	0	460381.0838372171
756	32.48141580869871	426621612.90726143	468503160.4231141	0.0	0	406858.07505346456
757	44.60918094601948	567626871.8095859	545894978.5573409	0.0	0	541331.1689468251
758	39.381940631002706	496970400.40472937	507419003.35062283	0.0	0	473947.9068801208
759	43.56932312220289	554963876.872859	518649108.9594762	0.0	0	529254.795906886
760	47.17262089112782	575753775.0844901	515094126.064841	0.0	0	549081.587872019
761	39.19365509003609	482006574.52995515	436471756.39140767	0.0	0	459677.2904681733
762	38.45126400774699	507552584.40333074	563031007.9914821	0.0	0	484039.8639710718
763	43.72023859543702	532696744.4767461	500377313.3264667	0.0	0	508019.20364069566
764	40.325118887468754	497201288.3009002	560121687.2911673	0.0	0	474168.09873666783
765	39.313127670319844	501937979.1928022	496950504.77169985	0.0	0	478685.35918503016
766	40.31515016664739	499229799.59611166	508518255.6625213	0.0	0	476102.63785945077
767	46.2458710378057	575979387.4029708	547049674.831344	0.0	0	549296.7485456187
768	46.53962258996005	568409988.5104403	503569166.6140692	0.0	0	542078.0072311787
769	38.881408910882115	520173988.0264884	529654634.3725362	0.0	0	496076.57244347426
770	40.81103681980643	505467810.9449752	508484837.8927204	0.0	0	482051.669068313
771	43.87409041743289	544480805.6090107	480560106.86905515	0.0	0	519257.3600854974
772	45.10428374737622	581242840.8526137	571961266.3799148	0.0	0	554316.3689161428
773	36.229398098410805	460721585.68631625	539947287.2091562	0.0	0	439378.34328300116
774	38.982091196065916	479607620.348266	478300246.1214044	0.0	0	457389.469478861
775	41.20462813105096	520276567.0772882	541146136.0439985	0.0	0	496174.39944962325
776	43.62386210008838	554379453.231685	478233989.95666784	0.0	0	528697.4460903979
777	36.822618228734605	479153358.0444995	487957203.21948445	0.0	0	456956.2511868471
778	47.31295962759741	589496599.3415977	547515783.2470567	0.0	0	562187.766400907
779	44.93816014561756	552559406.1074702	489450826.2549044	0.0	0	526961.7138933851
780	44.10063077421187	578848083.6519326	488341399.7396786	0.0	0	552032.5504798247
781	44.78677153844475	556090907.5484207	490656294.738515	0.0	0	530329.6161159711
782	41.971079699139416	511685431.6085594	488731363.7931031	0.0	0	487981.2542043299
783	43.39560279065441	519454475.8704072	484857336.35531306	0.0	0	495390.3921798775
784	41.77339774586139	522537295.47864425	521807300.9989052	0.0	0	498330.39806236676
785	39.884666573593925	509812089.88329226	509983410.07852596	0.0	0	486194.6963150906
786	44.238011239483185	558545218.349714	474285753.1247839	0.0	0	532670.2292916431
787	40.93446833951711	519057634.9730847	579283421.1878564	0.0	0	495011.93520840124
788	39.689232005360275	497104746.53006107	530412437.7103033	0.0	0	474076.02932935813
789	38.26763850824213	476650908.93606716	495729808.3403833	0.0	0	454569.72974402155
790	39.35384908427831	509267670.7773808	445657732.4286946	0.0	0	485675.4977964218
791	36.41910308861358	466228740.73663175	530100114.02044755	0.0	0	444630.37561095384
792	42.19242233279142	524979183.88750046	447076147.8742409	0.0	0	500659.1643214229
793	40.554489100235216	516334269.06994367	510391209.02598417	0.0	0	492414.7310923993
794	29.603885425048382	379748721.49016666	522085892.5467858	0.0	0	362156.60237328196
795	36.355174948689005	449322046.2557387	532531455.2110162	0.0	0	428506.89530919894
796	45.79029714041863	572612417.6643641	552637403.9484825	0.0	0	546085.7559817922
797	40.29286038593068	528068170.53874856	603757595.2803909	0.0	0	503605.0515544403
798	36.61345599235565	475402336.6358248	454061665.3981737	0.0	0	453378.9984091044
799	45.17775992091449	562832244.9234529	576315012.8788812	0.0	0	536758.6564287691
800	38.79945586398669	482375913.8362845	493641980.46981466	0.0	0	460029.5198786589
801	38.757020512000466	501821103.4883753	514769234.1244094	0.0	0	478573.89782750607
802	42.078641122819604	509482042.3928968	565111202.4617704	0.0	0	485879.9385003059
803	38.21343145408827	487513897.66095763	496970876.1620012	0.0	0	464929.4830903603
804	38.65572644348498	494943686.51438177	554561374.6362886	0.0	0	472015.08189619245
805	46.90913302067468	574459485.5567036	561472169.6967282	0.0	0	547847.257191375
806	43.70556336931164	529986607.2562528	520839154.0042163	0.0	0	505434.6153795746
807	45.82644192722626	576710679.1232626	536491374.682225	0.0	0	549994.1626770619
808	46.776896224678346	577056214.1622969	487459671.3689814	0.0	0	550323.690569207
809	38.99231352353324	482700677.7293082	468714604.8635742	0.0	0	460339.23886233155
810	45.09504438263454	546530685.9384135	483760363.1125503	0.0	0	521212.27830735536
811	45.723763974542855	574821588.0588995	524580695.97460204	0.0	0	548192.5850476259
812	47.03778852652829	577511450.133496	524035730.0394599	0.0	0	550757.8374228439
813	34.83167838203569	438139958.1661842	494820064.8480804	0.0	0	417842.82509439863
814	47.49194164617876	583104651.4971336	570961414.4421895	0.0	0	556091.9299098335
815	28.912496311294827	395816326.4931434	515392689.74084634	0.0	0	377479.86459078145
816	37.77989698825027	482357494.79177386	615923634.4014565	0.0	0	460011.9541089764
817	36.725287966798675	462124133.0380365	480626348.7628366	0.0	0	440715.91666988056
818	45.6460981681357	549891159.8858341	534010277.3406782	0.0	0	524417.0760019629
819	35.79340386257221	444363385.3276922	511140782.4868706	0.0	0	423777.947738354
820	41.54164459356389	510168538.50090337	496576341.5258232	0.0	0	486534.6322068245
821	39.571287691108246	490744240.6471139	510826229.0188866	0.0	0	468010.1782294406
822	48.091300941307544	591582464.7735021	546492037.421274	0.0	0	564177.002690794
823	35.60144648794989	450911053.4236731	495209626.7769842	0.0	0	430022.29063384345
824	32.215473897530245	440870790.8447604	541998253.6121707	0.0	0	420447.1500823598
825	40.319143247005485	515799048.6270062	574867467.9429383	0.0	0	491904.3051023542
826	44.6880081122142	535236463.1491016	494292505.14449537	0.0	0	510441.2681094186
827	43.94081654902689	532309057.8391191	484311103.5378436	0.0	0	507649.476851577
828	37.31399654031992	464890080.9255458	532331933.14365435	0.0	0	443353.7301307161
829	40.52228094614434	512947282.2939287	572098041.1520792	0.0	0	489184.6487941062
830	46.626391517098206	555050812.8255751	457174725.77447337	0.0	0	529337.7044921637
831	36.93593286039727	448239289.818291	431089224.7341004	0.0	0	427474.29830388154
832	44.92752378132333	554674730.3359449	537654480.9513713	0.0	0	528979.044280953
833	40.47587377083227	500245627.0387283	471274722.49261457	0.0	0	477071.4064013753
834	44.26504085729214	545220209.8212432	530316967.70445716	0.0	0	519962.5108921464
835	46.16784241817909	535691968.0409267	415833970.58330417	0.0	0	510875.67142574926
836	44.34594193534325	557453345.0597854	504969713.39114153	0.0	0	531628.9377782681
837	42.299459070785794	520442273.6056865	501721710.09016883	0.0	0	496332.4295098175
838	44.50916202373866	541121931.0285108	506133215.31678706	0.0	0	516054.0876660451
839	42.65085244762954	547133813.5224502	522352700.85630584	0.0	0	521787.46559376735
840	42.288496237286175	515140235.15959376	470974040.8797455	0.0	0	491276.0116191803
841	45.439012825101486	547245136.1639264	444404235.40967625	0.0	0	521893.6311377777
842	39.46767086889008	485496874.19650346	483743087.53517425	0.0	0	463005.8996167216
843	39.15608864175038	474526192.0995193	455473713.28541523	0.0	0	452543.44186737016
844	46.55281956453133	558566738.4691223	453012714.73105633	0.0	0	532690.7524768086
845	46.686923210297635	557954891.3916007	488422216.2986293	0.0	0	532107.2496334085
846	39.053882219621244	490490880.7900644	491420094.34739274	0.0	0	467768.555440964
847	44.64095303290796	550149773.6949208	512164936.3744119	0.0	0	524663.7093495567
848	42.86116653122068	538487185.8577094	501974332.9081136	0.0	0	513541.39886637614
849	39.29518909757663	509114097.66607934	506991116.277774	0.0	0	485529.039064483
850	35.733534000430865	452454758.25343007	586573718.9252316	0.0	0	431494.4822820952
851	38.557394620127596	492443033.2922059	549523027.8019248	0.0	0	469630.2731439647
852	43.24003487083	550812587.9091508	534724471.8458732	0.0	0	525295.8182422168
853	41.286238776154434	504056942.9236964	519816689.44436294	0.0	0	480706.1604725805
854	40.7930911101199	510803928.378958	529412019.04678184	0.0	0	487140.5872144297
855	41.03446760654312	500761709.87975395	452544881.9762584	0.0	0	477563.5813519993
856	35.73136142650371	446028390.6903532	437745349.1142583	0.0	0	425365.82058940246
857	36.01300222466234	455030539.53861344	511684668.3144771	0.0	0	433950.93873845454
858	36.01525494420797	465522094.96373236	551660083.2864482	0.0	0	443956.46568654303
859	42.85337103742026	542745615.1917036	559803130.1111085	0.0	0	517602.5535504376
860	42.772332111481965	557485894.5130335	596972367.7178706	0.0	0	531659.9793558439
861	42.015015194921524	525951374.9421296	410406301.00635785	0.0	0	501586.3179608627
862	45.591429785889105	561556710.0990958	527190196.43519837	0.0	0	535542.2116270979
863	41.842607576099525	551173108.0629319	503902725.6717982	0.0	0	525639.6370534248
864	37.01061592664462	469860055.0573557	585681314.0367181	0.0	0	448093.46681342664
865	42.1405814519637	538731379.5909936	501850411.9130094	0.0	0	513774.28015803685
866	43.27263675240713	539014774.5559834	517892796.94018114	0.0	0	514044.5466575463
867	42.318101583190796	530814527.0307878	499602684.39559054	0.0	0	506224.18120459345
868	31.347072527876065	400282554.9931923	499957256.22882515	0.0	0	381739.1920024798
869	31.40494604300735	403355954.235991	490549177.1844102	0.0	0	384670.2139243993
870	43.74527314996827	570018931.7599971	529730174.40046275	0.0	0	543612.415084836
871	44.4514494574825	542569547.5845933	555330929.937142	0.0	0	517434.6423955853
872	46.30856674425442	535878264.00894	481161033.23822004	0.0	0	511053.3371056938
873	46.338662323642396	560749875.3682954	502374206.9780131	0.0	0	534772.754066749
874	43.88828702293673	543860545.24511	600727759.1058067	0.0	0	518665.8337069611
875	46.166487986434895	576425735.5111703	498402516.4877316	0.0	0	549722.4192725854
876	47.29389740174598	566837972.1156733	481870750.2550874	0.0	0	540578.8155705198
877	36.28801223573699	465442999.40071267	530363012.1254291	0.0	0	443881.03427954955
878	44.67410892405951	556008510.2840579	514569002.3217727	0.0	0	530251.035961206
879	43.19893890223845	534337019.8508264	519454116.7860028	0.0	0	509583.49213678954
880	36.536153546019236	463509665.0870951	483204178.5123356	0.0	0	442037.2629996252
881	41.07361317698985	520328435.2629767	565916947.0290616	0.0	0	496223.864806153
882	38.072075122182625	479669189.70566106	517838210.6708679	0.0	0	457448.18659368606
883	44.74311771709555	557564943.4762814	533033192.7084767	0.0	0	531735.366321832
884	44.52271809524297	553270269.8951852	472504991.1093201	0.0	0	527639.6464301923
885	44.23488201774915	568351784.297502	533806276.9411294	0.0	0	542022.4993681927
886	43.72345761289954	559672333.8227918	563987464.0898759	0.0	0	533745.1303699414
887	36.27369290432457	457549674.3029437	498391767.85283065	0.0	0	436353.3728627622
888	42.526425774198295	552432605.685734	531796168.26077044	0.0	0	526840.7875878658
889	40.47446837550985	554784643.4503947	501914879.99363446	0.0	0	529083.8655952403
890	40.368610977154695	548933975.2597905	477956503.70177037	0.0	0	523504.23360804626
891	41.34525497308202	524145634.49572206	512394551.9758498	0.0	0	499864.2296750279
892	42.78451687361679	552161230.7444625	464814033.8941254	0.0	0	526581.984276259
893	41.73285519791507	517706975.5816043	509886994.82005185	0.0	0	493723.8460365337
894	43.70030359439107	541204415.5220724	469729487.5666151	0.0	0	516132.75100905664
895	47.459300599473096	582649272.8710239	525646457.82396114	0.0	0	555657.6470098724
896	46.14671694553799	557438996.4700849	468024802.826273	0.0	0	531615.2538967942
897	36.67150566406763	476342223.2068939	535958882.49996746	0.0	0	454275.3440922679
898	42.01216024884479	519887429.80483925	472621473.44409746	0.0	0	495803.28922733245
899	44.92265221173015	536001825.2169612	500450529.4001814	0.0	0	511171.1742562879
900	39.138297515703805	489182647.88317835	440084388.26204526	0.0	0	466520.92731778964
901	37.92862024756597	484937124.03706366	519432728.5888364	0.0	0	462472.0802660596
902	46.55342382788851	569777789.4102833	577039985.6646535	0.0	0	543382.4438193163
903	42.69152039869005	525036005.0319979	515904545.64640296	0.0	0	500713.3531875592
904	42.43445997177405	513378459.4370888	504007445.72379535	0.0	0	489595.8513613595
905	40.5965027442507	504688205.9722656	490555184.2443179	0.0	0	481308.17982889694
906	39.26383497074458	490608393.7412319	476938354.23399043	0.0	0	467880.62452433765
907	36.13028820611054	451902513.801031	550382050.6099946	0.0	0	430967.8209314641
908	34.718697543579935	424669410.57177615	512370439.76396745	0.0	0	404996.3098256839
909	45.24283608930136	568159516.0677081	506350654.70871526	0.0	0	541839.1380955772
910	46.752300210885146	574058731.074807	446909088.5734998	0.0	0	547465.0679348059
911	36.575297879925486	439315697.9459399	509124460.3183561	0.0	0	418964.09792512894
912	45.75176642197268	554894229.1186466	522384423.8185005	0.0	0	529188.3746324982
913	36.74636169022818	429806690.5785127	514596519.38256586	0.0	0	409895.6018242957
914	39.74024755830192	498445655.70625633	551891528.8936918	0.0	0	475354.81997132924
915	43.16248457506357	529326006.8360452	507619798.27248174	0.0	0	504804.61772541533
916	41.68381562684566	498508045.2240299	480799048.7849339	0.0	0	475414.3192520427
917	39.25983389008675	484505312.69679564	431471308.56907994	0.0	0	462060.2728813129
918	38.95721992390886	491192914.36612695	587987605.9061236	0.0	0	468438.06683170993
919	33.345832430891875	437338513.04954493	506975782.13514763	0.0	0	417078.50747065066
920	42.790287358366534	524583911.32746303	486823240.6229785	0.0	0	500282.2030329352
921	37.66300811471971	468593417.98628044	504412996.7498293	0.0	0	446885.50757053425
922	44.09182514660505	555329405.0174055	514339672.90230715	0.0	0	529603.3907102639
923	47.229439407112636	578040726.9295908	559841603.1429684	0.0	0	551262.5951095494
924	41.2561358114304	517306969.437953	533689615.1948061	0.0	0	493342.37045092863
925	41.129594515240505	494018285.8506914	498831735.8917215	0.0	0	471132.55105084536
926	35.960476165961	473874891.9265135	502825445.98708457	0.0	0	451922.31362010335
927	46.510054501954826	580279799.7541797	505671904.6665552	0.0	0	553397.9413549227
928	39.94955165846265	507901656.9583734	498525170.56075996	0.0	0	484372.76550137834
929	40.84069618897687	530807141.58261937	570393701.404092	0.0	0	506217.1378923603
930	46.92088599025285	569408846.3897319	493518743.4704964	0.0	0	543030.5923363992
931	44.93848650701529	561202002.4677136	513644828.5595809	0.0	0	535203.9360692154
932	46.42193378652533	590377165.6892543	472579904.30741316	0.0	0	563027.5399105592
933	40.19291783124204	525051759.3089756	546551526.8589694	0.0	0	500728.3776368862
934	41.90393037639347	533197718.2723523	518481511.0826025	0.0	0	508496.9694827578
935	35.55798119264032	441003420.8825308	496282550.60067374	0.0	0	420573.63594296534
936	40.30489483855353	532387341.1090339	567180553.6410011	0.0	0	507724.13359549874
937	42.94750448085152	544267063.6887192	469847256.91814667	0.0	0	519053.5199057761
938	47.51263606519875	578795812.2042433	437461678.54954773	0.0	0	551982.7005426819
939	42.31745845156975	524217430.99196535	466844912.7666429	0.0	0	499932.70014950325
940	40.52482942049466	510591021.4102946	520526891.78872925	0.0	0	486937.54330663173
941	44.889034070717635	552926986.7293326	497097902.1020678	0.0	0	527312.266091664
942	43.19088723928594	551766952.600823	647744899.1254393	0.0	0	526205.9713371497
943	45.86677006711254	593306099.8841649	624374976.9483404	0.0	0	565820.7892266889
944	40.33447260019494	526749381.06277484	491649523.0400033	0.0	0	502347.355902457
945	38.47840091849307	489259794.47854704	441069431.9642464	0.0	0	466594.5000443907
946	43.003359802339965	537445107.697743	493204693.32957137	0.0	0	512547.5956895284
947	43.710904541012205	568699785.713253	604104734.436056	0.0	0	542354.3793804673
948	34.78213800583806	444924788.3804517	561750235.4095054	0.0	0	424313.3434109227
949	36.82772603357192	491937355.33018667	521588554.9558304	0.0	0	469148.02105921437
950	36.8234343092961	500533545.522903	516564737.04389316	0.0	0	477345.98686495115
951	48.87681217758423	597577493.513361	541603641.7390623	0.0	0	569894.3076261147
952	43.43470586366625	551428721.7461354	452417620.9802645	0.0	0	525883.4092580177
953	42.79198449313977	537362482.4276959	560159928.4932218	0.0	0	512468.7980915983
954	41.5707161563067	516951172.2805482	484903327.9492154	0.0	0	493003.0558400614
955	43.99730687427725	533558559.43537635	482023818.161954	0.0	0	508841.094432236
956	44.978291901357544	568094292.4649931	539016458.2974182	0.0	0	541776.9360208444
957	35.10516600627301	452233361.4447623	551168786.5698136	0.0	0	431283.3418319342
958	45.03983679858222	532372723.0373568	441829643.6326893	0.0	0	507710.1927159851
959	39.284862765040835	518984452.4491953	510049864.5276798	0.0	0	494942.14291495807
960	46.57801594891786	572140412.0187308	503894874.48566675	0.0	0	545635.6163203535
961	39.04906641309302	485888334.354438	454464133.19096583	0.0	0	463379.2251152401
962	45.08402197206311	545089928.8604012	525191789.4686171	0.0	0	519838.2652858747
963	40.70262416003968	531355396.24101466	416734463.3196764	0.0	0	506739.99427892175
964	46.11327679165811	568658841.2991787	504997301.4223236	0.0	0	542315.3317443645
965	44.98878409307343	561740582.9672182	603324190.4574249	0.0	0	535717.5664589102
966	39.65779625963562	512502673.9926353	470692278.60286766	0.0	0	488760.6372763019
967	39.19660696258305	491447575.23209965	493770461.40388596	0.0	0	468680.9303589818
968	38.10932424208525	491290376.1095118	476397006.6690577	0.0	0	468531.01359320816
969	38.50690782721585	472201495.0243953	490843472.7056247	0.0	0	450326.4379733993
970	46.20600311571585	573759817.7885475	571359925.7689662	0.0	0	547180.0020108677
971	40.60744764425698	508119790.57157356	466167862.85561335	0.0	0	484580.79392583214
972	43.17406278644699	529986738.7433376	493886361.181145	0.0	0	505434.7407754302
973	34.34073094482023	454602723.3091067	564788550.9889643	0.0	0	433542.9413882318
974	44.60475621046932	554822695.2428968	472963861.4329549	0.0	0	529120.154612443
975	45.0576981161997	539919723.0122644	460671061.6043242	0.0	0	514907.572757973
976	33.48238001645029	435799937.3092125	545366080.119625	0.0	0	415611.20730324986
977	47.81478287088544	575614561.8600271	521615983.5903187	0.0	0	548948.8237953446
978	35.56880598491445	452144685.7472555	521118832.7941806	0.0	0	431198.77409673267
979	40.282595194434634	492967958.0450347	512730354.9602319	0.0	0	470130.8803987834
980	36.55447442328012	475046317.9763473	482648889.38691795	0.0	0	453039.4725573991
981	39.253352285042325	486840681.87731653	465930525.75027627	0.0	0	464287.4544881026
982	32.939626158145735	464109034.2154839	511666168.9369855	0.0	0	442608.8659434163
983	34.19396940813741	488988214.4590303	434791340.4166972	0.0	0	466335.5011549284
984	38.94130823710863	505583520.9369088	442277371.8987889	0.0	0	482162.01871577115
985	43.61706974573109	530251839.413993	461714638.42125165	0.0	0	505687.56047629646
986	37.29461196033325	483991193.60236764	495197846.57706827	0.0	0	461569.97070538305
987	37.09550932152488	460486521.7900188	541770419.1738412	0.0	0	439154.1688823878
988	37.88571402485612	481755682.14093995	518344604.7025944	0.0	0	459438.02084058744
989	43.18791961908787	544518083.4834509	535391343.15376544	0.0	0	519292.9110369214
990	45.1390130057803	573742275.3411468	539995046.889429	0.0	0	547163.2722293347
991	47.05162731723509	561193864.5748756	468376725.6544719	0.0	0	535196.1751698261
992	48.09089495772805	601669480.1169578	627105641.0457466	0.0	0	573796.7301530433
993	41.00092120789215	505236157.77463406	504741533.3504821	0.0	0	481830.7473894443
994	46.78272661438388	565357565.007678	549167692.568757	0.0	0	539166.9893337996
995	36.38330003799036	471569175.3755182	571576475.66379	0.0	0	449723.41096450645
996	46.56381315596757	588200085.7214605	513374174.0938404	0.0	0	560951.3146605113
997	32.874706270773586	420926581.7875564	581888419.386738	0.0	0	401426.87014346727
998	40.12749893809853	501841978.5075761	481183033.7801041	0.0	0	478593.8057971727
999	47.11273757137846	572215324.3568758	490737616.8045214	0.0	0	545707.0582932242
