epoch       	ep_ret      	ep_ret_tx      	ep_tx       	newbytes    	ep_delay   	ep_delay_normal   	ep_throu   
0	6.905314749010637	10.66809828837703	744847168.800035	381787302.17526054	0.0	0	710341.6145325038
1	6.984181391277783	10.675728725616848	698885345.8115602	440525255.5349504	0.0	0	666509.0044131853
2	10.338570984314723	15.264184987280583	664295981.8072783	452168011.4019032	0.0	0	633522.016341475
3	7.197655010495852	10.865588706381342	589757867.7232268	385782095.59596336	0.0	0	562436.9313461562
4	8.316231841391033	12.21606430425774	710893443.1810359	435979809.8151262	0.0	0	677960.8184633595
5	10.244606834576553	15.66520560559388	674880705.0342495	480450264.45865834	0.0	0	643616.3950293058
6	9.321748259291073	13.849953073236263	639091195.4888928	473998633.83970374	0.0	0	609484.858979123
7	9.513911035412733	14.031452527121019	674687883.3173233	442573224.42028415	0.0	0	643432.5059102279
8	10.519994999394996	16.029775980154334	623337595.0895678	450121487.3235014	0.0	0	594461.0548873591
9	8.951145141290835	13.548344604680741	562641471.1277757	473965823.54562837	0.0	0	536576.7203595883
10	12.908455319207892	19.137577612339356	644617901.5574558	401703543.48682696	0.0	0	614755.5366110378
11	13.983692888084898	20.568474029949424	700206181.8812168	467609566.2244948	0.0	0	667768.6518489998
12	13.860513450280894	20.016474402375835	679007605.8835741	480497894.0179628	0.0	0	647552.114375662
13	14.923739390860677	22.472091296839785	729462910.9977225	423528876.9649935	0.0	0	695670.0429894665
14	7.122086839113167	10.540187184809653	487622836.4714473	424934762.946157	0.0	0	465033.3752359839
15	11.113522147664046	17.239253409128104	731292370.937937	435625647.0627709	0.0	0	697414.7519473427
16	10.835154291908985	15.82243380278248	765873786.3997008	412388995.9936241	0.0	0	730394.1596982009
17	10.422777429920801	15.655664154838176	623459215.2750453	524904865.6507054	0.0	0	594577.0409346061
18	12.155393546301024	18.065128558004993	772026895.3821099	545662805.9433086	0.0	0	736262.2217007726
19	9.566097807950905	14.231112038757173	719225987.4650595	423627950.7593069	0.0	0	685907.3519373508
20	12.737675033317535	19.451369166809105	756118281.4974813	439608008.4743571	0.0	0	721090.585229379
21	15.33269960751229	22.42175960925178	708125268.8715492	444006153.28910273	0.0	0	675320.8817210664
22	10.517826999436506	16.045382391230476	541399373.8180664	461340301.00129986	0.0	0	516318.67772871605
23	9.698143490092846	14.19839433215128	557346583.2798083	378744246.3100186	0.0	0	531527.1218107302
24	13.77529286013555	19.70420771008953	642014472.9251518	433871999.77272236	0.0	0	612272.713589813
25	14.36592517094964	21.722861471764872	748091157.7716821	475081273.4251052	0.0	0	713435.3234974693
26	10.80515747020936	16.846417342345728	704626835.969104	518959431.3757746	0.0	0	671984.5161143341
27	15.40273709076361	22.555981691938598	714091940.2047304	524810149.8255078	0.0	0	681011.1429259591
28	7.659450987738623	12.067823547804721	425519718.40304226	506880515.7154159	0.0	0	405807.2265654011
29	12.498585955942032	18.18848377703901	728245256.1339676	421318849.21175855	0.0	0	694508.7968196559
30	14.128491111223644	21.5286625588286	645691204.7492324	492600606.26103693	0.0	0	615779.118298752
31	13.031869662393502	19.89826599883676	705313053.9554534	480466676.3720045	0.0	0	672638.9445833714
32	17.444820882256575	26.3219957378489	774406935.1409289	495268161.74569917	0.0	0	738532.0044907845
33	14.96003452119202	22.78661085337705	769509852.1554269	486406214.9095126	0.0	0	733861.782222201
34	5.8918185568709776	9.081419359380526	612990916.3460015	447172554.0878841	0.0	0	584593.6931095137
35	10.75138415518208	16.41852593209153	464298172.69643587	496228046.71972704	0.0	0	442789.2424549446
36	9.01000492098746	13.252837168851872	579293908.0967934	420297191.12348884	0.0	0	552457.7218025147
37	11.467925842049802	17.01154515427061	615675249.6834733	441573699.8578585	0.0	0	587153.6728701338
38	15.345502264329932	22.204648934934735	664084833.0535566	534325549.85743636	0.0	0	633320.6491981092
39	15.046504104585988	22.930060802259376	657291069.5736973	519904967.0833159	0.0	0	626841.6114556286
40	14.938925862054715	22.54335196710729	679496424.354583	478712552.5508587	0.0	0	648018.2879968485
41	12.400908738680858	18.619606199840014	671000102.787348	486111366.5217985	0.0	0	639915.5643342475
42	15.55972804775211	23.395735228798667	795361150.3232571	530568343.22580373	0.0	0	758515.5013306207
43	15.293505623896447	23.07569680513494	755674518.0412277	467222491.4868895	0.0	0	720667.3794185903
44	15.20773120861211	22.504074462229525	717201310.8192201	471325725.8095682	0.0	0	683976.4698211865
45	18.251333357481176	28.120272067525626	765740541.6487249	459292070.19952846	0.0	0	730267.0876013994
46	12.124853543838443	17.49890991162751	641280550.4590794	507174103.4026439	0.0	0	611572.7905836862
47	14.128223215138645	21.236211474264753	721138138.5308048	468897256.2027543	0.0	0	687730.921297841
48	12.826232346318708	19.481602588680406	581173920.9577513	481392949.1795495	0.0	0	554250.6417825235
49	13.899057629049713	21.181819543115502	579426959.578774	444182746.57412994	0.0	0	552584.6095836387
50	18.522657684837213	27.049376727700558	730236444.5381185	524653211.8611218	0.0	0	696407.7420598208
51	14.450226788651024	22.525841962394843	544258804.9605653	505807850.74034095	0.0	0	519045.6437688495
52	13.059074453271053	20.115937920325745	660071969.1225725	457446012.32055384	0.0	0	629493.6839318962
53	17.241175271375813	26.067060353204457	704174043.6466477	506136950.2099907	0.0	0	671552.6997057417
54	14.392956660621149	22.620251269002694	561956443.6623173	517870360.3941028	0.0	0	535923.4272597475
55	15.575736703917924	23.614482380560318	605722987.8084371	509234222.2707756	0.0	0	577662.4563297627
56	20.78126620924044	31.649363216171267	758527836.491017	488899984.1039649	0.0	0	723388.5159406825
57	17.536912418530825	26.938515125489698	696516352.9467198	473209828.1139412	0.0	0	664249.7567622372
58	16.656443570142365	25.608674098363224	763180954.0445771	452663120.18703896	0.0	0	727826.0746427316
59	19.171105627046288	29.5191969232388	757526500.7254723	473233202.9248104	0.0	0	722433.5677389838
60	21.30999621842481	30.81402209003695	758613917.525942	509099948.72050744	0.0	0	723470.6092128201
61	20.71556559813735	31.819943015711615	730725913.7846856	464210412.14455175	0.0	0	696874.5363089425
62	16.665501895282564	25.36858008229744	699718347.7947372	541882201.6411042	0.0	0	667303.417010057
63	17.638082214713414	26.867911703451092	674906097.5150421	503064865.5527333	0.0	0	643640.6111860675
64	18.15134990987874	27.655953132772446	647004922.1839104	472339053.75047606	0.0	0	617031.9768752198
65	13.8044709539417	22.771708039511896	562480833.4718375	474377724.39671034	0.0	0	536423.5243528724
66	19.99868375081868	28.941477206560215	705626958.8577728	491316889.14878714	0.0	0	672938.3076265077
67	22.576741739528753	33.27229555793978	752187165.8646508	541683112.0898154	0.0	0	717341.5812155253
68	18.161571658234916	28.020031393823697	688977648.2336458	568800278.3237966	0.0	0	657060.2876984077
69	17.57437612595987	27.22068189165212	626506709.5029134	495302447.96763605	0.0	0	597483.3579091202
70	17.335336015811055	26.59875204576272	615238172.8336006	578322740.1225109	0.0	0	586736.8439041146
71	18.385915342625278	27.844522619805804	624483318.7227834	461040115.66729987	0.0	0	595553.7020900566
72	21.949838288700995	32.54532882004017	705628784.2376742	525188502.75591755	0.0	0	672940.0484444374
73	14.094662753870242	20.526745517197664	589181552.3763132	563463965.771617	0.0	0	561887.3142016537
74	22.73148961887073	34.21680689219379	780304757.4815885	534286417.35911876	0.0	0	744156.6061797983
75	19.331608077414646	28.730583747723983	737357499.4033028	508684918.07295054	0.0	0	703198.9091904666
76	18.409879490665688	27.580780967220026	641524246.9383974	536135839.6458414	0.0	0	611805.1976570103
77	21.539790975590765	33.66341864883514	768417637.2212683	542434934.7409043	0.0	0	732820.164891499
78	18.276984808308068	27.585416024438793	734086324.7688814	466545779.10548425	0.0	0	700079.2739571397
79	16.328712352165173	24.586081218272984	571553936.8832618	584838148.3482021	0.0	0	545076.3100464457
80	16.728307365787057	25.456457189157064	677096745.5876131	513555342.1657797	0.0	0	645729.7759891637
81	20.498219268466475	30.60292228746054	744765445.2720723	542833695.1199803	0.0	0	710263.6769028401
82	10.258529994385444	15.174649682321979	714082672.3244897	452761829.64906293	0.0	0	681002.3043866056
83	10.268333415119868	15.609948178951276	590846758.1526153	456288062.04854643	0.0	0	563475.3781820445
84	18.030130670422555	26.814034679951277	707594490.9083487	557246804.5564007	0.0	0	674814.6924098479
85	10.771168820480035	16.39169475254644	684260753.3317698	443696499.93453175	0.0	0	652561.9061773012
86	15.910315374643709	24.47727388008237	610302864.3864478	482412215.73854584	0.0	0	582030.1669945219
87	22.771090448083314	34.75088037756043	778303170.3233154	444447276.3887854	0.0	0	742247.7439149049
88	22.42434362273216	33.968377944895146	810016107.4233396	583482681.716621	0.0	0	772491.5575250048
89	19.590324108820482	28.49414707297195	702161151.5353829	445624393.1837785	0.0	0	669633.0561975314
90	19.73131360295308	28.23731060546192	647133284.24805	487293385.830313	0.0	0	617154.3924789905
91	23.003275372313716	34.281225365585996	739281638.3807511	559321915.3277011	0.0	0	705033.9111144552
92	17.97017428995439	26.55260202146113	671638096.1790804	508790604.34098023	0.0	0	640524.0022459797
93	21.783602948942917	32.10477501790271	736311672.3346981	529411742.9105035	0.0	0	702201.5307757356
94	21.63947024431204	32.13165745014434	714171035.4072353	528398523.29990566	0.0	0	681086.5739891393
95	26.539820406386227	38.82380067251512	839070933.041287	589398729.2285261	0.0	0	800200.3984845035
96	19.76649513137042	28.27863658387076	640704071.8096297	480240260.72258866	0.0	0	611023.0177017496
97	22.34108667871552	33.84468831487525	758048889.8260438	464358979.16003686	0.0	0	722931.756807369
98	21.149909853551517	30.373571198264777	700344587.456102	503386654.5720923	0.0	0	667900.6456910151
99	15.546764649469244	23.654393143904837	546277789.4988736	519807765.888661	0.0	0	520971.09746825555
100	18.774734402677606	27.21506375835179	652835115.8086327	470039458.4935102	0.0	0	622592.0827947927
101	20.702523428503124	30.35513888168576	731867658.9842875	480584738.9159454	0.0	0	697963.3893816831
102	16.437739416394276	25.05527990966951	648376927.2164252	453277252.8504762	0.0	0	618340.4228367092
103	23.104566730979105	33.7692366519539	756486029.5850166	460696737.8644013	0.0	0	721441.2971353688
104	22.2891157733629	33.29905416099665	777299361.8217869	480210388.3840325	0.0	0	741290.4375284071
105	19.94175999332406	30.22281159928996	679543916.9624436	517256991.1800843	0.0	0	648063.5804771843
106	18.509851791600326	27.218245099268838	642456010.7177023	551384740.9632246	0.0	0	612693.7968422909
107	19.3928252629157	28.32072413586251	697133881.8082228	487823240.00147384	0.0	0	664838.6781770925
108	22.27746137866137	33.818337007216016	753163645.6280594	507436769.8016656	0.0	0	718272.8248863785
109	18.525691914541177	28.611237627939673	663913110.0030366	531748097.6519854	0.0	0	633156.8813352933
110	18.166049290659483	28.203113579604267	769695463.954762	476868778.3319856	0.0	0	734038.7954280496
111	21.48565868414718	31.51026888252201	727166378.3481483	516413396.4758154	0.0	0	693479.8987847789
112	17.99590624936658	26.32853863155765	614823577.8085899	484785626.5056924	0.0	0	586341.4552770522
113	17.716699952014732	27.34266071237304	724882225.291927	494339129.7370222	0.0	0	691301.56068032
114	6.01095038029769	8.751630021701645	650168813.3068419	381859154.1782231	0.0	0	620049.2985790654
115	20.708172332858755	31.041666274144973	706713581.8471795	526518503.8015446	0.0	0	673974.5920631213
116	6.434769729374248	9.644369186276636	582200915.7239776	353433627.2199	0.0	0	555230.060314157
117	21.916211826773775	32.69389294432671	757379667.8817153	504170934.6137715	0.0	0	722293.537027087
118	14.391982302633311	21.70555924336254	620958219.1444184	529132796.979018	0.0	0	592191.9051593953
119	20.06098975143683	29.917213016928788	748715786.1539583	440723985.94144547	0.0	0	714031.015542944
120	19.23388117459195	29.090555765130865	709593387.9691228	548518090.4548349	0.0	0	676720.9891978484
121	22.167028498999233	32.22502010214201	770557077.581841	518025794.3617166	0.0	0	734860.4942148598
122	16.773235836780096	25.145541423774446	607990051.1822213	502382264.80772555	0.0	0	579824.496443006
123	17.448935930789087	26.90707913897071	595929128.6078905	508925992.44230926	0.0	0	568322.3043517022
124	22.326120269042008	32.95094499944382	791040919.6138122	454818430.92776	0.0	0	754395.4082620741
125	20.828309515681536	31.092888571981266	770035025.0961397	483809979.6201904	0.0	0	734362.6261674304
126	19.453291412103017	28.721118750499894	652591343.2430258	619265135.9816443	0.0	0	622359.6031599293
127	18.274356283261497	28.117487515916675	660777016.9340533	493722983.9119818	0.0	0	630166.0699215443
128	20.692713379217597	32.016192833920464	699660221.971811	471013607.725004	0.0	0	667247.9839056123
129	21.454063032415895	31.289900742971827	744783297.3865641	502263912.93847454	0.0	0	710280.7020059241
130	19.816248508123476	29.40292321382911	693740199.7243962	467161086.698289	0.0	0	661602.2107356994
131	15.302294881190692	23.64581502546144	631018364.5846986	448294144.61746407	0.0	0	601786.007485102
132	15.806993772944397	23.85025420939127	560795427.2015164	489632667.67734164	0.0	0	534816.1956801573
133	20.088002086202646	29.933440368165925	691039736.0961237	491076271.7198882	0.0	0	659026.8479310265
134	18.95444631306089	28.971830852340375	661248367.0347972	517952681.6784947	0.0	0	630615.5844066589
135	22.70065669360444	33.37249367454389	749821448.424938	483410289.01001	0.0	0	715085.457253397
136	18.957189298744968	28.63059048199964	642536021.5572665	478569353.33847916	0.0	0	612770.1011250179
137	20.065632668731794	28.752438238025903	642681711.2339884	496767884.80847955	0.0	0	612909.0416278731
138	17.78011085652148	27.291159030182584	718510605.0337349	498410179.54981893	0.0	0	685225.1100861882
139	23.990324152519467	36.23821254729241	787519082.4483519	496068553.66454726	0.0	0	751036.7226108095
140	20.67252554889122	31.397903071643753	700906355.3781347	499079461.7836709	0.0	0	668436.3893300388
141	18.257586001871545	27.14938131948896	607663449.9864439	538294730.5711257	0.0	0	579513.0252708857
142	21.056683207888682	31.338955576578137	684783507.4799558	498163640.44926786	0.0	0	653060.4433822209
143	16.662910414620278	26.067781506720884	576056175.0692024	507504707.55533504	0.0	0	549369.9789707208
144	18.87108101069338	27.19179205692679	596174497.9353445	516848137.49190325	0.0	0	568556.3067773291
145	22.31156894662448	32.890741417518754	751038053.8786097	519802642.2807551	0.0	0	716245.7026277632
146	16.653026067909707	25.16974794876347	563612411.6228483	433992427.417532	0.0	0	537502.6813724978
147	20.473763634686087	31.40264898820831	720900861.5466166	452768984.266741	0.0	0	687504.6363321462
148	12.46628347651794	20.22213830490997	467565758.77714056	563386646.3364286	0.0	0	445905.455376759
149	15.05834697880484	22.822056902639012	518983918.7168931	475360257.0037578	0.0	0	494941.63390816987
150	21.290489085115752	31.392573154978077	722362553.7795464	441541687.731209	0.0	0	688898.6146731821
151	22.363343945382155	34.15789675665675	703684100.438504	563485051.8790377	0.0	0	671085.4534516373
152	22.488131720637988	32.649478442492324	761754828.6056361	512970405.95061237	0.0	0	726466.0154396405
153	23.97352589961773	36.61287490793367	805684643.4181032	488451524.212455	0.0	0	768360.7515507727
154	18.509991387470933	28.356217651696582	641566306.0006772	550057362.2129631	0.0	0	611845.3083044789
155	14.528785185637592	22.561448607065124	572301786.7060287	485916886.72351104	0.0	0	545789.5152149474
156	15.164177842284861	24.739366188392733	584317294.1918606	548965112.6108916	0.0	0	557248.3961027724
157	21.22867512147304	31.314033392769804	825208034.826862	529748932.77702063	0.0	0	786979.7085064527
158	19.024294531832773	28.29273491691561	609399991.6117232	485050730.0408793	0.0	0	581169.1204182849
159	24.679712228172722	36.64889845430823	877353246.6475127	543922968.0360532	0.0	0	836709.2577433706
160	21.492685902511965	32.84342045041755	671843882.3970987	518153443.37014925	0.0	0	640720.2552767742
161	24.351597695395657	36.96967523199819	787530769.4352931	542557156.6000614	0.0	0	751047.8681900911
162	26.160620584763727	39.27596762186167	847710447.1786945	548811269.9067504	0.0	0	808439.6812235779
163	22.447720567886908	33.10903661736133	715136942.7716085	451067455.9109293	0.0	0	682007.7350345694
164	14.669494318188478	22.383422431906244	516345654.6763412	505228132.294229	0.0	0	492425.5892527972
165	22.948626681902518	35.31548488975456	875940149.9112601	477584735.16372126	0.0	0	835361.623679409
166	22.113690018489642	33.59000421278593	719497591.0034373	503838209.3951875	0.0	0	686166.3732561467
167	16.203387806811506	23.987617700650453	528528962.8387373	540560681.1968726	0.0	0	504044.49733613705
168	21.046504769956858	30.348201786564704	691349159.8247699	544447799.6198025	0.0	0	659321.9373939225
169	16.655869245309713	24.993724572661883	591979415.0899371	511781777.34478694	0.0	0	564555.5640124674
170	13.975672503492543	20.195948295545328	463190891.64937073	498928013.86137986	0.0	0	441733.2569593151
171	21.514945736264174	32.67706441085443	770513471.3395206	531459301.5213756	0.0	0	734818.9080615236
172	18.610333517616077	28.48284182133407	617603374.3147691	582000455.9837523	0.0	0	588992.4758098306
173	21.579221705581404	32.4835343861439	763891893.3160523	473926484.9537914	0.0	0	728504.0791664623
174	23.599650192303827	35.25219973378828	787679836.6483439	548134696.2761445	0.0	0	751190.0297625959
175	26.532114045848957	38.98141982599519	802904613.9924215	577465208.6362398	0.0	0	765709.5088886466
176	23.17008238218629	35.123350810234435	777235086.4957533	513485326.3958185	0.0	0	741229.1398007902
177	22.056125050998862	33.22273416034796	724411113.6115686	431044360.3856022	0.0	0	690852.2735706028
178	14.731681954508899	22.46166980772716	529720439.3065336	538743931.3274465	0.0	0	505180.77784207684
179	22.36204911421565	34.23465632909286	770857266.69993	542155757.2019569	0.0	0	735146.7768668457
180	22.396400507047964	33.90183214403834	731682906.4459128	519979710.0018077	0.0	0	697787.1956309436
181	17.3120820296746	26.47777208380028	598073487.9595908	497742343.3786287	0.0	0	570367.3247905641
182	18.569473188363986	28.27118937593797	642509659.6790175	415672013.5268273	0.0	0	612744.9604787992
183	22.632901371380587	34.115767323049745	796881438.6631501	422227894.758745	0.0	0	759965.3612739085
184	20.7353567212297	32.106663654200055	711819866.6084994	486617652.00356615	0.0	0	678844.3246922487
185	24.341961202347132	36.1082410292979	803277595.9054769	481085460.63693434	0.0	0	766065.2121596115
186	21.64239518959319	32.53009417009993	717625379.2664188	549345114.9236107	0.0	0	684380.8930076779
187	22.698889665850935	35.35813247708294	771059287.3418752	539108708.0723505	0.0	0	735339.4387644532
188	18.651035467853276	27.62278712802442	638838858.6752926	477586751.8200747	0.0	0	609244.2118409084
189	21.922303940433924	33.652962589239294	728868028.2627501	472820856.9656414	0.0	0	695102.7186038498
190	18.800109370336298	28.09244063034654	664796125.5832083	518497530.83392596	0.0	0	633998.9906150897
191	12.473252465282897	19.191571495130905	477860154.3846247	452004385.1524127	0.0	0	455722.95607054216
192	20.011783392375982	30.39736400757337	653327486.607757	441391939.1676201	0.0	0	623061.644180066
193	16.219060010967834	24.83980568526783	569944079.6277359	504558573.44233036	0.0	0	543541.0305287704
194	17.13775829884371	25.9430823623006	542848336.6958404	465289780.242269	0.0	0	517700.5164106752
195	20.31340325777418	31.105435613286232	672752703.5285785	550911539.9914665	0.0	0	641586.974648074
196	23.07529663674579	33.91296413372715	705969435.6996017	483188454.27987057	0.0	0	673264.9189945236
197	19.863540321163484	30.393998917463747	683826655.5771928	454335071.62276685	0.0	0	652147.9182979518
198	20.894711786161846	31.33949503106795	677496397.5837836	444995161.95274955	0.0	0	646110.913833412
199	19.18793400996592	30.326621797987446	702975073.5670832	537732445.7997508	0.0	0	670409.2727347211
200	19.49257723618341	30.75336994695418	678211423.4111016	470458788.4141919	0.0	0	646792.8156004918
201	14.179637749126632	21.398305363498036	422113861.70751554	517277234.8973194	0.0	0	402559.1485095172
202	21.30157396629127	32.36101648502975	688417016.8820423	502390558.45320827	0.0	0	656525.6279774117
203	18.912919327136876	29.687704865513897	671300366.7553442	569631730.5057197	0.0	0	640201.9183686678
204	19.42089050195003	29.460530621108305	628086845.7552562	493383562.81930625	0.0	0	598990.2932694016
205	17.645075972009497	25.762030734707885	588456399.63306	493803361.56867653	0.0	0	561195.7546549415
206	19.403067325046624	30.579690129134974	661791251.5894916	462160930.11172384	0.0	0	631133.319463245
207	22.812794701163096	35.296613075965276	758643420.3803347	554896174.0191077	0.0	0	723498.7453273147
208	23.502603988735597	36.337314849288205	834009791.2476587	514108980.6935799	0.0	0	795373.7175442304
209	21.73242994426145	32.085640665181025	660126575.5372934	484340938.725557	0.0	0	629545.760667127
210	21.404068208330035	33.21997345138874	716914336.5836173	518488635.2942956	0.0	0	683702.7898632213
211	18.75373369153324	26.766218689192765	604586485.1204474	534404376.61120886	0.0	0	576578.6029057003
212	20.801393352017616	31.076110045217487	670240063.0689341	518808098.9848464	0.0	0	639190.7339753474
213	25.669344294875554	37.75770977388756	859322780.1534116	515607287.77840877	0.0	0	819514.0649351228
214	24.056205720171274	34.40569619997694	758530407.9003174	519385177.39280355	0.0	0	723390.9682276894
215	22.29223059787347	31.57116573932411	693902524.9948323	469032212.2614466	0.0	0	661757.0161770177
216	22.655772698349665	33.31733816995569	756515555.4207758	500931044.2972856	0.0	0	721469.455166603
217	19.82333699511507	29.94146250036716	691253675.9436029	556310132.3424028	0.0	0	659230.8768688232
218	12.454496662892849	19.13617600381056	447880209.9411927	416637388.7176268	0.0	0	427131.8530475546
219	21.241708752884087	31.807979708719603	662847572.6177951	446502725.8752155	0.0	0	632140.7056978177
220	23.507156544524722	36.13510676483394	766576620.0772924	546637506.8485305	0.0	0	731064.4341252255
221	15.909986742996697	23.21739910219093	553397623.1577916	546061447.2222106	0.0	0	527761.0999658506
222	16.348794477138217	25.361685655679494	577620110.6745604	508005304.59765536	0.0	0	550861.4641900638
223	20.72691750717816	31.294036802914228	721381570.9742725	601058097.6418421	0.0	0	687963.0765669559
224	21.089618588198103	31.410504610992742	700849442.3314415	590008239.9946932	0.0	0	668382.1128191388
225	21.13339172484021	32.280101662528374	734973315.1453115	563061566.5501906	0.0	0	700925.1738980403
226	23.08084598243644	35.71339494450514	767515751.5952309	569747932.9277208	0.0	0	731960.0597336112
227	22.199562805163662	33.26802398647488	683334155.6396142	515784521.35015583	0.0	0	651678.2337566508
228	25.884188881853834	40.43089014656587	819436845.822878	477297282.55230606	0.0	0	781475.8737782269
229	22.658259512447653	32.87780264265602	765508337.5400453	503477877.14222467	0.0	0	730045.6405067876
230	23.019202485385367	35.03941024438291	762861127.3583415	469901654.07185423	0.0	0	727521.0641463677
231	18.083348109021998	26.881819596555808	568256943.6675632	535869066.7828623	0.0	0	541932.0522952683
232	21.741494052248743	32.07090678284286	736072426.0570441	608638095.9339433	0.0	0	701973.3677454414
233	20.682702523625526	30.87430749553266	741251497.748559	469603532.15801895	0.0	0	706912.5154004665
234	23.136947879889792	35.621119626467994	771904263.487636	549195558.747951	0.0	0	736145.2708126414
235	22.41695660844712	33.657740861814986	773160495.4643458	449435446.08779764	0.0	0	737343.3069842778
236	24.940099402189556	37.057877711545586	768060898.2448363	480986948.23317266	0.0	0	732479.9520920144
237	26.303086676740204	39.23510209428962	775285911.5008554	486516514.5464987	0.0	0	739370.2616699748
238	24.077223504949888	36.52844233718404	747646444.9207418	469094444.59096164	0.0	0	713011.2122733515
239	20.431458476181582	31.773888284094916	654469055.5833652	408209974.0455427	0.0	0	624150.3291925098
240	18.16856547461722	25.409617093853658	560507127.3339847	477850569.7967065	0.0	0	534541.2515010688
241	19.22648492403443	29.93119734580143	694278098.0063531	568001168.0499414	0.0	0	662115.1905120403
242	20.28375704472976	30.666831294956534	676802543.380798	519827547.1205626	0.0	0	645449.2029006939
243	18.65098584211783	26.81336631328204	585885990.9711401	482792827.59100735	0.0	0	558744.4219314005
244	13.362800420711133	20.858811630108942	513983972.7071865	510817194.6980224	0.0	0	490173.31381529453
245	17.80421225362897	26.59557233427482	618877783.2664814	580259262.6533923	0.0	0	590207.8468956769
246	13.499066266915353	20.35042984920226	480383673.3942429	463803302.61446923	0.0	0	458129.57133697794
247	17.471619429559016	26.809330956213138	715896420.6319584	456724648.72111017	0.0	0	682732.029563864
248	15.162450996295012	22.835407585862853	544308839.2105478	489608643.8451302	0.0	0	519093.3601479985
249	13.890963266583837	21.728729439617187	563315514.3155162	587603534.0637201	0.0	0	537219.5380358852
250	24.346120356276966	37.53587812561994	808950176.4296501	487595627.1558667	0.0	0	771475.0065132622
251	18.938120348567274	28.210322345084183	659228297.9952589	502969199.7617171	0.0	0	628689.0964462842
252	23.085340990749604	33.332980276219764	725732180.1817204	473361614.6190465	0.0	0	692112.1408288196
253	24.556894220742308	37.00548698110315	796766806.7957587	518971661.7269218	0.0	0	759856.0398061358
254	15.236425121104315	23.036932414062615	589206012.179646	484768503.1236307	0.0	0	561910.6408878764
255	18.057112360321927	27.50115848926308	723629502.2993834	474140984.3763557	0.0	0	690106.8709367596
256	14.803348227623946	22.587745652876542	537915277.4773847	519914650.0294998	0.0	0	512995.984532723
257	20.881981846337858	31.329116648658058	719667631.3491114	475246871.1669252	0.0	0	686328.5363665689
258	17.832902301763614	26.20353785063173	579666198.3843316	576810850.261557	0.0	0	552812.765487987
259	21.729294340756525	31.568761496615927	737015110.1704487	403698084.38996595	0.0	0	702872.3813728794
260	19.74705839294653	30.662401786925678	658339007.1569257	489833328.83059675	0.0	0	627841.0026139506
261	22.035269174197033	32.733517125965875	710526311.8395916	493983952.5832895	0.0	0	677610.6947322766
262	22.389331275298247	32.96362697447163	730374229.6577797	475897836.41102576	0.0	0	696539.1441896245
263	24.336079882563244	35.894024360304485	800895548.3973994	599430009.3879582	0.0	0	763793.5146306988
264	22.911395161239984	36.00638216873397	798840283.0111256	532148303.99010986	0.0	0	761833.4608184106
265	23.688913125495386	35.06703460188923	791537476.3847526	529724302.27406317	0.0	0	754868.9617011574
266	12.319902196454121	18.988018085517048	534128536.33303696	534028808.37834775	0.0	0	509384.6667604798
267	23.694659178889577	35.165001050375785	783629873.0785704	519922905.43452203	0.0	0	747327.6835237221
268	22.70041905101191	35.450761213732854	741273274.3232394	503027244.2055963	0.0	0	706933.2831604378
269	15.748983166143235	24.25612736608463	516112564.4760368	508436945.8057205	0.0	0	492203.297115361
270	21.034003717469414	30.776578474564168	690999433.7718087	558058780.8991586	0.0	0	658988.4126394355
271	22.016797541024143	33.30453152262501	701713092.6679715	486957139.1987536	0.0	0	669205.7539634433
272	21.311900105726238	31.876252410939387	720474985.9101238	521548152.74684346	0.0	0	687098.4896756398
273	22.515134797650916	32.44675024367797	693740260.6377488	500159226.19918877	0.0	0	661602.2688271989
274	9.106135816628628	12.993913935700695	301790274.24818873	513192217.5299435	0.0	0	287809.6334916961
275	23.911890593898697	37.00022673755741	805334216.3993138	469255698.1114535	0.0	0	768026.5583031786
276	20.26784244614387	30.293623413197693	689450734.4302043	603813602.237687	0.0	0	657511.4578535126
277	19.77678524660899	29.939661668919573	673188031.7299842	509575448.4449462	0.0	0	642002.1359729618
278	14.405215057178982	22.342415058426468	474056705.9394741	523907905.94318706	0.0	0	452095.70497462666
279	22.83588992820986	34.7597203727027	745786237.4432983	542142087.047017	0.0	0	711237.1801789267
280	20.950305795419712	30.7625517887987	641938995.7003794	573852090.1740726	0.0	0	612200.7328990739
281	17.321342811564616	26.054277319775657	612592750.0744951	508142532.66158926	0.0	0	584213.9721627187
282	18.498692981598026	28.661983194792867	609193980.4891409	495860098.3167756	0.0	0	580972.6529017838
283	21.403651080513207	30.782286797751198	709073712.3420033	488980837.4433371	0.0	0	676225.3878994018
284	15.577191194868986	23.111155643115357	534175226.442624	526545741.1802763	0.0	0	509429.19391882315
285	16.26964968424471	25.33670055624905	583293384.6130525	505011966.9477638	0.0	0	556271.9198351406
286	10.166533838279815	14.551126728753383	355692578.91481525	509297734.08240193	0.0	0	339214.87704736256
287	11.594940697151994	18.17956479101744	395990661.31380355	449604951.84723353	0.0	0	377646.1232317005
288	18.457409903236382	27.22290652789522	666541167.6579443	514732245.26088434	0.0	0	635663.1924228141
289	17.631011873326564	26.29671672401556	631721481.7048136	473472217.48959154	0.0	0	602456.5522239814
290	9.154750685477914	13.595779746610345	451885774.3813399	387287191.2232801	0.0	0	430951.8569768332
291	20.851804870193053	30.8132192479116	776346930.9955254	536900072.1496186	0.0	0	740382.1287112476
292	11.933715967129393	19.04088338854157	522941991.1084891	547270812.6960629	0.0	0	498716.34589051135
293	16.553508909873774	25.160691728601954	708780062.2012887	497140469.43804526	0.0	0	675945.3413021935
294	19.645747810439413	29.80754263692739	731378926.8826103	508729745.22119224	0.0	0	697497.2981287106
295	20.93296965279045	31.222286231072648	694402228.6471965	462837556.5253049	0.0	0	662233.5707160917
296	20.060207366064503	30.13422204970412	732342650.6818659	539161803.9394027	0.0	0	698416.3767641693
297	21.04811067735802	31.15361421135353	763417312.6648635	500357683.12807685	0.0	0	728051.4837883598
298	12.498602205312233	18.581189974189716	564752894.3380281	458353036.6872554	0.0	0	538590.3304462701
299	15.437296478927923	22.532466435797	664035146.6310017	475296145.6404046	0.0	0	633273.2645330442
300	13.237294426530294	19.257709916303924	473927343.3004377	453354382.8748682	0.0	0	451972.33514827496
301	21.383386066868795	32.16758959713235	704718798.8650699	429394228.10860103	0.0	0	672072.2187662789
302	22.62615914576399	34.579946715824114	770075941.0282924	543605508.8968763	0.0	0	734401.6466410568
303	18.240787608603533	27.675942678314446	667561218.6029588	556971742.0356888	0.0	0	636635.9888104998
304	26.249996651459295	39.88751356726826	864526100.7448757	522455989.19766545	0.0	0	824476.3381432296
305	24.274751234934268	35.92891989622378	797476803.7519988	499103124.4000167	0.0	0	760533.1456680286
306	23.040518252570525	34.096237029615736	748806699.6522257	493734886.10988635	0.0	0	714117.7174112569
307	16.190808063642226	24.51262079348915	611090380.8111151	458979875.0516581	0.0	0	582781.2011824751
308	19.392498013313734	28.846942843683987	712984856.3441232	502970026.4125932	0.0	0	679955.34548199
309	20.395983717482494	30.05806866401805	740798037.8012046	456202011.5249355	0.0	0	706480.0622951549
310	21.737305878433883	32.64749108921306	766790993.0964774	533692751.8286978	0.0	0	731268.8761677524
311	16.670027774920456	23.99170314771706	583326776.7627125	508676442.2551127	0.0	0	556303.7650706411
312	17.142213429608876	26.12014850379833	611402715.4399705	541603900.3361545	0.0	0	583079.0666961388
313	22.021914706568253	33.85641022209736	746866959.600382	524347686.0061977	0.0	0	712267.8371433087
314	21.184676723353324	30.81392642364023	741390718.0366845	548791664.3359871	0.0	0	707045.2862135741
315	18.24520868334714	26.869738886276085	561517816.3957103	487266370.2198621	0.0	0	535505.1197011094
316	24.616215356490383	38.32743891327169	805112648.6631063	454241318.4386635	0.0	0	767815.254843813
317	17.123694306931664	26.214140428188646	581060935.3990008	433836271.39877033	0.0	0	554142.8903570183
318	19.23015640826091	28.645322878715533	635696840.546577	535308740.3774756	0.0	0	606247.7498498696
319	21.97772694840247	33.04073118916621	703936662.1446306	459240269.62642366	0.0	0	671326.3150640778
320	12.698484871231269	19.54249846539633	518245680.57834464	523226367.6878723	0.0	0	494237.5951560447
321	19.92995657756199	29.511511705911044	689926583.4081249	502308214.71163046	0.0	0	657965.262802243
322	21.889430303574194	33.10590837629067	762367494.6547977	453698232.153072	0.0	0	727050.2993152597
323	19.23915319580896	29.523524321167955	645014232.6257993	514564317.2448514	0.0	0	615133.507371711
324	24.123776888235586	36.43211915717555	768228557.0727105	508110069.1092198	0.0	0	732639.8440100771
325	19.37174900127225	30.418290915777675	689057597.0872796	574113259.2336481	0.0	0	657136.5328667446
326	10.126791945304428	15.563108895189712	398528292.35448873	562879635.7560123	0.0	0	380066.19677971734
327	16.365362026595037	24.387119869999196	568668199.8183485	569705395.2687739	0.0	0	542324.2567237361
328	19.285899296715776	29.489797074873124	678761173.041081	547454837.1186779	0.0	0	647317.0977030575
329	22.139221270475883	33.241811193709744	818150965.4946083	515000916.89516914	0.0	0	780249.562735184
330	23.006332102488138	33.266512573016946	723931247.2943211	498312297.4138589	0.0	0	690394.6373885357
331	18.35348437694702	26.731024821379048	623182686.556348	487510593.2996986	0.0	0	594313.3225978351
332	21.433029945531516	32.692074176004	770619242.2796158	608288441.5394832	0.0	0	734919.779090515
333	22.171123366400487	34.64989738400606	772572094.0429231	501290928.21299696	0.0	0	736782.1636609301
334	20.506433199664478	31.258485858922846	793742207.9519403	480639062.36897254	0.0	0	756971.5575713542
335	24.637467401837895	36.47335396582961	828516135.5022151	548535830.3197858	0.0	0	790134.5591566227
336	13.351786732573967	18.2886119670187	443783817.8184514	487165695.60177886	0.0	0	423225.2290901675
337	16.47767849800215	25.258465087916793	641461025.4064624	483821318.9855636	0.0	0	611744.9049057603
338	17.231997941654388	24.230356649016	580736428.3777561	584108128.2336638	0.0	0	553833.4163453638
339	16.485526681350958	25.35596785069302	577205878.7143253	519023605.1424993	0.0	0	550466.4218085529
340	13.279741158226622	19.8261765393876	478214145.0365477	574451727.7590605	0.0	0	456060.54786352906
341	20.506964098731654	30.42070896591474	644440300.7691531	516307217.66909087	0.0	0	614586.1633006603
342	19.422847387116434	27.427040921758497	631740347.8353903	528170473.01420295	0.0	0	602474.5443681624
343	20.86764199872085	31.01683043302064	739956704.1081517	499125021.24924445	0.0	0	705677.7039605634
344	22.498402514432193	33.518801168936626	745691061.7769938	465303133.4293442	0.0	0	711146.4135904252
345	24.077174480656712	35.975199715528845	808218781.8483827	549454302.6005807	0.0	0	770777.4942859489
346	18.654028896684377	27.761708821990638	626626020.669031	493467682.5409997	0.0	0	597597.1419039067
347	15.561344678018628	22.229513008272768	467247072.7399455	480819191.75128233	0.0	0	445601.5326880887
348	20.5224223488933	30.94364437911096	717817427.7707855	605332665.4308102	0.0	0	684564.0447337969
349	23.5478694605543	35.97171030721602	812729594.186184	548972883.8367122	0.0	0	775079.3401586385
350	17.79603311101105	26.93852306663714	574240531.5573632	487786112.3273739	0.0	0	547638.4463857298
351	19.718456538334898	29.778826273556877	649484816.6430771	459032573.28263915	0.0	0	619396.9885283252
352	19.00147371861864	28.005976244254562	590876380.4011258	451037293.7779015	0.0	0	563503.6281596428
353	21.539386670813258	32.55610318666111	747773328.0665133	493638539.5908836	0.0	0	713132.2174706587
354	20.68944945037597	31.35938500593081	643500209.6285822	532911651.4471087	0.0	0	613689.6225248168
355	18.022926305492643	26.697093186095827	642811416.7898651	437763390.0510274	0.0	0	613032.7384852075
356	18.349705742509457	27.657580049706244	631226593.196687	481663272.59725976	0.0	0	601984.5897642963
357	26.407406376692048	39.52250853012082	866725258.0532799	577724806.9692172	0.0	0	826573.617985992
358	13.330857572473422	21.355035241666194	483081092.6307605	482719836.30450815	0.0	0	460702.0307834248
359	23.6152900235839	34.226819826209464	768149885.0491349	544472870.8909957	0.0	0	732564.8165217729
360	19.496549945487146	29.077389359154576	643029836.5179356	516665872.92185664	0.0	0	613241.0397700652
361	21.054850550889537	31.992108734339688	679177998.1104187	483851199.24718386	0.0	0	647714.6130661187
362	20.165243534451342	31.437578095586836	705392569.195457	517674964.43207717	0.0	0	672714.7762255259
363	23.098189257370315	33.89258976910629	750246989.9460746	510498139.99661064	0.0	0	715491.2852726695
364	25.676751946647308	37.86630399791848	829089986.4167266	557015011.3032405	0.0	0	790681.8260352386
365	19.47485214580932	28.0722980095508	617516011.5034847	506714285.6666475	0.0	0	588909.1601404997
366	25.21054351268467	39.14145684344823	828032501.6888157	468612977.9845618	0.0	0	789673.3300102381
367	24.824112697516828	36.54180969846735	792233887.0436809	478669147.35935783	0.0	0	755533.1106602489
368	21.40630655899964	32.98263846317643	730996816.3597893	503592992.5763465	0.0	0	697132.8891370669
369	17.28572624461975	27.396833193922745	570246750.1128241	469779263.8798961	0.0	0	543829.6795967333
370	22.636964954013987	33.25592316884416	745590422.6659589	476699244.96214765	0.0	0	711050.4366550056
371	18.86808934470151	27.930342210144627	581896636.544624	460432441.3649836	0.0	0	554939.8770757905
372	22.851038404431527	33.75130456302973	749020393.3393112	430016660.57672834	0.0	0	714321.5115922077
373	16.74862259200514	24.4274915177749	525661486.1054114	454811422.1634055	0.0	0	501309.85842267174
374	18.921665035823942	28.565631633891574	627036160.1813759	460913938.0235881	0.0	0	597988.2814229733
375	18.406169255402986	27.670835271819406	668320517.7092074	555348354.380831	0.0	0	637360.1128665993
376	23.950935390169594	37.4204167378545	876543344.7165309	611761119.8011317	0.0	0	835936.8750729858
377	15.913775695235394	23.976514602117874	546575805.8075414	466694022.0397894	0.0	0	521255.3079677021
378	17.495451806007722	24.944908020281467	584385024.1830972	484621746.0853652	0.0	0	557312.9884558648
379	12.334462144441057	18.72919118994477	447148670.5623663	544544100.0137355	0.0	0	426434.2027305282
380	12.937832791789601	18.932227224956243	536522934.7476495	503662751.63875926	0.0	0	511668.14303173975
381	21.149139553233272	31.289356710435257	655116323.1453422	509162979.66075695	0.0	0	624767.61164221
382	10.547738767239384	16.26379313601657	501123610.80768764	457941671.74166095	0.0	0	477908.7169720533
383	14.593040870599735	22.821157415075838	628940335.0584229	510722794.991256	0.0	0	599804.2440971596
384	22.221364702761793	33.34304823552029	785883906.9437468	523419310.60633194	0.0	0	749477.2977292506
385	17.84364910243275	26.489333286609867	570186194.1313821	514102472.2651663	0.0	0	543771.928912527
386	19.431232859131285	28.573831474253605	609615084.9508675	514587384.68118525	0.0	0	581374.2494114565
387	23.15997264187909	35.03497261458265	807651854.8277576	525992657.348914	0.0	0	770236.8305471017
388	16.54148521355508	25.622384049749314	629394464.3379109	568613838.7115855	0.0	0	600237.335527335
389	18.01748161073442	26.606893183752252	590875268.7351642	475666667.0644689	0.0	0	563502.5679923666
390	17.91394291474824	27.665962301853973	619426846.3843654	479104004.76436776	0.0	0	590731.4742892887
391	19.964299469475197	31.26841070705862	749756125.615407	508810793.82354546	0.0	0	715023.1605676716
392	22.784927987211262	34.64649538783321	818564061.7141829	478682777.6606756	0.0	0	780643.5219899968
393	19.88640798078353	30.162708562029025	705674091.3986558	498168913.3073138	0.0	0	672983.2567202146
394	19.591186783375402	29.597417909724413	592766301.0281079	498021990.04168445	0.0	0	565305.9969216422
395	17.218562166017342	26.652708835388726	561627411.0297775	507570763.68073535	0.0	0	535609.637288835
396	19.685921732266706	30.00632297737281	639514574.5960958	492942859.0149451	0.0	0	609888.6247597652
397	20.26173249018889	31.50954300753171	724909257.2093372	469180557.02518	0.0	0	691327.3403256768
398	20.041221074763435	31.10022837687911	636950348.3831576	514275595.7684838	0.0	0	607443.1880790307
399	17.08579725548951	26.345830154181936	574455385.9993156	533567905.7819406	0.0	0	547843.347548786
400	20.935033185371267	29.434892822470097	635639047.5387249	496099420.6085502	0.0	0	606192.6341426133
401	17.013093391810816	23.73506745573119	550117255.6700335	554686135.9886506	0.0	0	524632.6977444016
402	21.165325268049276	31.29166427570729	761996697.8837584	491416376.2393489	0.0	0	726696.679958113
403	17.25327332284565	27.220157052530563	590971440.0586648	564025357.5536791	0.0	0	563594.2841135643
404	21.265366959149162	31.679493900643646	698398679.3454264	471524397.2157508	0.0	0	666044.8831037778
405	18.77303990822129	27.93123551940935	751060844.7428002	519128097.9844673	0.0	0	716267.4376895904
406	18.688953937216485	29.445023359727763	658023291.3976716	524097292.1390208	0.0	0	627539.9126030651
407	16.895283495820514	25.766554817715278	570094075.3331518	525233602.01673067	0.0	0	543684.0775805966
408	21.820517760229695	32.81354473765149	744093391.3708829	491710954.6984788	0.0	0	709622.756358035
409	24.100641714236023	36.39755584046265	779933413.2491628	550318513.1090753	0.0	0	743802.4647227884
410	21.522881233780193	32.085108179388364	754250519.0108429	456728787.7083723	0.0	0	719309.3481167249
411	23.597286481064494	35.87673475016258	828587683.3716213	508957979.9959791	0.0	0	790202.7925220694
412	13.756954139605556	20.81973218981448	489372533.71038955	490504306.9754086	0.0	0	466702.01655425015
413	19.191376552671638	27.7796305391195	627975499.2749126	529475518.8009181	0.0	0	598884.104990876
414	21.769798428570766	32.64507607388469	703253597.9271302	578362397.4502716	0.0	0	670674.8942633916
415	23.66603735721571	35.64162770210216	781667646.3917606	469682953.69078565	0.0	0	745456.3583295447
416	23.265818275490442	34.064115126237375	711990931.5721904	472305291.80674636	0.0	0	679007.464954558
417	23.483401261566765	34.257788216810276	731253622.1485592	568285030.3495213	0.0	0	697377.7982221214
418	18.04501703046478	27.84844397616611	646683286.3141683	530287407.7920883	0.0	0	616725.2410070117
419	14.480435326960595	22.41404349950881	513866033.2802432	485189406.49736255	0.0	0	490060.838012927
420	21.416683318683596	32.09926043018254	693476124.8671954	467263271.5452867	0.0	0	661350.3693267782
421	18.135162085028256	28.06387640335915	610583574.3769308	475692342.38158554	0.0	0	582297.8729028042
422	16.469760259713983	26.470255696357558	609961219.7585247	490826582.1157432	0.0	0	581704.3492875339
423	18.97529434843829	28.284827688066468	598923827.4549927	505940231.92045546	0.0	0	571178.2717275548
424	19.484306166439243	29.30202867824911	651622772.4905759	556848759.9894037	0.0	0	621435.9021096956
425	18.921190143276704	27.98550623039781	626703204.2747482	496114287.1182722	0.0	0	597670.7499263268
426	16.776784763030314	25.80940948175461	574990965.5174344	491266721.4918881	0.0	0	548354.115979609
427	23.373928746665435	35.362524969182914	787857278.2310385	494828344.77001035	0.0	0	751359.2512426744
428	24.55312951776719	37.40401140835571	826184383.6674842	537741194.5482507	0.0	0	787910.8273196071
429	23.939124002838792	35.91870410078543	828445988.2849978	578866943.9744133	0.0	0	790067.6615571957
430	15.564876488895727	23.129129463755948	565670585.6317294	499695311.48372275	0.0	0	539465.5090634623
431	17.567382646766944	25.291965554163557	565913621.0539051	534995721.1937512	0.0	0	539697.2857035686
432	19.032245380526668	29.85707744914336	659931024.8729775	512922323.96683973	0.0	0	629359.2690210127
433	21.59212929398983	32.89297566538181	719070530.0744789	489853998.9598928	0.0	0	685759.0962166584
434	13.654602348285112	20.621036128913335	467562709.3553464	539166848.392689	0.0	0	445902.54722151416
435	22.09062668965584	33.74849032041986	781632895.1361555	527221461.8884973	0.0	0	745423.2169496111
436	22.268797812315388	34.27170915534315	708665015.3327233	493274334.1258702	0.0	0	675835.6240584593
437	18.524746738541975	28.277013074394027	606582232.1704748	471877932.7979422	0.0	0	578481.8956093546
438	21.847589579543836	33.59031900161052	757002733.7394983	564345510.293159	0.0	0	721934.0646166784
439	22.37427688209471	33.05824865200046	666073245.0719553	527188422.2131651	0.0	0	635216.9466704895
440	17.995962784103995	27.586081929047953	532664012.0290158	492510553.8857258	0.0	0	507987.987545982
441	23.69744575753938	35.41845590272825	791702424.360571	492805865.4688174	0.0	0	755026.2683492386
442	17.402681297994654	26.44897551647667	602871460.8667967	542630023.4010941	0.0	0	574943.0283229798
443	18.14463913821099	27.725809188633274	625571789.0720155	514472149.1225299	0.0	0	596591.7483062893
444	23.425666179336098	34.54075780825502	759246560.3496971	491926751.5562292	0.0	0	724073.9444252937
445	19.36941848854917	29.29839525007908	613792285.7056457	506785891.8131087	0.0	0	585357.9384857615
446	19.769524360804652	30.90118477443757	691635927.3314375	526375385.0109131	0.0	0	659595.4201998117
447	14.781429841032034	24.189542316048666	550782905.8076863	492473784.190148	0.0	0	525267.5111843932
448	24.68907387140134	36.715539652684484	797131654.4478577	478334773.91359186	0.0	0	760203.9856413435
449	17.479452807264614	26.16396302849641	577497699.7913828	532707424.26373	0.0	0	550744.7240747284
450	18.596998891111078	27.352954792091243	633174936.7841551	517157064.4749901	0.0	0	603842.6750031996
451	19.675599290906636	29.53031069027933	647309850.0914788	556981793.7503494	0.0	0	617322.7787890233
452	10.474951959051513	17.047092812273377	379224554.8971229	491272461.88344985	0.0	0	361656.7181559782
453	15.23372627912868	24.037435243891	513425764.2126342	563922141.164739	0.0	0	489640.9647108402
454	21.495444166804422	32.55511637705834	731435122.0355644	549885251.7621409	0.0	0	697550.8900027892
455	23.029377072029646	33.84649127764279	760440429.4465957	579963376.6471835	0.0	0	725212.5067201572
456	23.522206291709896	35.441083239344856	738598507.9874926	495909539.23750967	0.0	0	704382.4272036481
457	15.941924358041486	22.44393576707187	513417740.3829285	507362978.57848537	0.0	0	489633.31259053055
458	20.703919911807063	31.419184926326974	698878918.9327047	465276941.4942593	0.0	0	666502.8752638861
459	24.345406945307445	35.01031258120527	752650627.8523303	586741398.5592939	0.0	0	717783.5730098059
460	22.171662136673007	33.991714024908504	718074278.1184574	512526803.3250125	0.0	0	684808.9963135311
461	18.3735055700883	27.754455985668343	604290469.3489475	482294103.70145947	0.0	0	576296.3002671694
462	23.508505355771845	36.29657251606093	760353215.5371794	527853341.8533383	0.0	0	725129.3330547136
463	23.001907062167103	34.47327057168547	769438968.8917091	506748158.0841148	0.0	0	733794.1826741309
464	20.60724454895078	30.7555130832679	666680592.1053662	484714823.18825513	0.0	0	635796.1579373991
465	20.01718961244629	31.674974545908704	727727077.6636784	517855308.1687702	0.0	0	694014.6233212266
466	12.897195569226481	19.267748901379278	451274511.96120626	589329179.8478938	0.0	0	430368.91170616756
467	21.919569299835395	31.92755177530587	637783447.6068201	425667810.7513496	0.0	0	608237.6934116555
468	17.034822165291917	25.243091562547622	617260962.4772916	552280726.3595793	0.0	0	588665.9264347948
469	18.045423565095792	27.707302493122246	600206800.7635636	520332579.8282697	0.0	0	572401.8104205737
470	16.83797545769078	24.87677873729382	572362579.1476824	516092610.72265035	0.0	0	545847.491405184
471	16.85428946022907	26.723101965499445	630652020.1033269	546968014.5363591	0.0	0	601436.634162261
472	21.21198208810298	32.36198341209227	691661655.4573686	529103287.6549457	0.0	0	659619.9564527213
473	19.33841774789891	29.546070594774385	685371022.6627104	579923579.5766559	0.0	0	653620.7415225131
474	17.75044346892308	28.534448112408175	615140785.2906362	519611112.5131833	0.0	0	586643.9679056512
475	20.976096442560973	31.816206214031762	688900770.3944874	615355633.4542997	0.0	0	656986.9712777019
476	21.682265965792805	33.146200184760666	684379202.1738764	520464791.28334135	0.0	0	652674.8677958264
477	19.26498954334277	28.895895113447548	614259714.6412528	511879410.9573604	0.0	0	585803.7134563951
478	21.16507397854599	33.049715147541264	730040660.9975016	587572611.1854229	0.0	0	696221.0283255592
479	18.676609280842154	27.880835903613256	600276275.1900917	470423041.881171	0.0	0	572468.0663968005
480	21.965926192369267	32.8018630903183	702096665.0280503	480491416.95150536	0.0	0	669571.5570717339
481	22.479299869388274	33.944944144412744	712032986.6715932	494537479.9722007	0.0	0	679047.5718227319
482	17.83032775802347	26.659753663644075	602803001.4622551	456596881.191911	0.0	0	574877.7403471521
483	12.620302430583818	19.274506775484515	474466832.6939394	505855590.76797503	0.0	0	452486.8323268314
484	17.278811075331884	26.785693322680945	577745250.544683	461915007.58773327	0.0	0	550980.8068701581
485	23.015942026651338	34.297367916345756	741943727.250852	539011185.5742714	0.0	0	707572.6768978616
486	17.77241414723479	26.83472786226528	624805983.8619792	561252623.4557436	0.0	0	595861.4195461075
487	19.592420109820875	28.649639240671085	670290957.8347013	579412091.3715653	0.0	0	639239.2710062991
488	20.853162764698638	31.631756164217514	720364742.9176887	535459394.2000872	0.0	0	686993.3537651907
489	13.264915945461661	19.26023318072435	479934018.5105056	487273035.006922	0.0	0	457700.74702311086
490	13.29349961610521	20.23598955078955	457042262.91419613	517999513.3599963	0.0	0	435869.4676534615
491	21.29198955100696	32.78724447004984	747736371.935801	544668474.5532572	0.0	0	713096.9733579647
492	21.8194347955964	32.49204289876188	765839375.699274	525147631.1364263	0.0	0	730361.3430969941
493	20.492847654183006	30.670169826252625	749515811.2801172	538070167.7992153	0.0	0	714793.9789582418
494	18.238236750386417	27.995991610823722	590040705.8697312	485696342.360897	0.0	0	562706.6668221768
495	24.46619591407607	36.82284155007749	752737133.9285533	465045636.36678	0.0	0	717866.071632913
496	21.58997855862737	32.30633011170678	808135450.9842436	475169321.44349843	0.0	0	770698.0237810549
497	13.004620095418888	20.58217944343795	451445274.0780825	488718194.5323514	0.0	0	430531.76315124746
498	21.564736029043722	32.14035717960997	673077344.2927397	475741151.7678319	0.0	0	641896.5762069131
499	19.16922658769814	28.841060489434607	613152060.5970144	525577456.196952	0.0	0	584747.3722429412
500	23.540759276209556	36.41310761647441	819993200.3152391	500597773.4483907	0.0	0	782006.454768409
501	19.230018860065716	29.029229572793312	623899541.3665057	501397946.65894616	0.0	0	594996.9686188754
502	19.020427211796328	28.529062490876253	629477881.6373119	506702601.4251335	0.0	0	600316.8884633178
503	23.47851436227599	34.85581176082534	745208378.9859364	551733359.7622181	0.0	0	710686.0914096223
504	22.568449582640724	32.842710725420524	753715354.8622192	559950894.5066123	0.0	0	718798.9758131211
505	21.166962120795457	31.42490902661239	710791567.4988172	471597073.78404754	0.0	0	677863.6622417613
506	25.961105732682046	37.31710205048373	798293619.3371174	556786775.9432992	0.0	0	761312.1217127966
507	21.253559853700935	31.806270471441756	668868223.5138289	561170329.3876538	0.0	0	637882.4458254135
508	21.130100767883146	30.975446407468855	651840491.134277	494839436.5324738	0.0	0	621643.534788396
509	17.67877929404972	27.851434596963497	639150347.9235641	556565864.1847452	0.0	0	609541.271136822
510	11.873982226702324	18.111230273181153	440019212.65923214	484018288.3533349	0.0	0	419635.02183840954
511	25.152808539601942	36.995400048591435	815199278.545746	587536841.2780188	0.0	0	777434.6147019827
512	24.891778579486783	37.8511382248656	865744359.6660677	484748325.60542893	0.0	0	825638.1603871037
513	24.043344120066195	35.15700524046529	813910676.9646934	499417867.56755	0.0	0	776205.7084700525
514	19.88565037410812	30.82280009299241	677924507.4870639	471403906.9025654	0.0	0	646519.1912527694
515	20.119040474191245	28.96888788116804	608798863.0016129	511435397.5559967	0.0	0	580595.8395019654
516	14.178865871042897	21.96210488948485	496209690.1044338	529073123.6464391	0.0	0	473222.43700450304
517	23.96092223144907	35.109666918939084	790796999.2371194	510229700.0827744	0.0	0	754162.7876635737
518	15.684968260880204	24.021971570208926	512238336.23779625	438563475.4442079	0.0	0	488508.54514865536
519	21.832269341317403	32.26658402697354	684194902.1347399	461722841.61040235	0.0	0	652499.1055819893
520	17.495528068940168	26.655109534167938	653335470.0026952	567933866.314229	0.0	0	623069.2577387764
521	19.2941338236585	28.176333434333667	616512041.0337253	437254029.1628633	0.0	0	587951.6992890597
522	21.390968073268493	32.28971841186832	773311511.044763	490075580.76310915	0.0	0	737487.3266646987
523	16.841768017584798	25.72846057114353	599096117.8488505	443767026.51729983	0.0	0	571342.5806511408
524	23.477852461798644	34.934254681136295	766586183.469746	503629497.35625494	0.0	0	731073.5544869859
525	24.311107025920563	36.53038442480179	780757482.0780817	537438930.1217722	0.0	0	744588.3579998792
526	20.889734921671604	30.306904408712036	699161209.0895592	479018303.35077673	0.0	0	666772.088136253
527	16.473927685991843	24.626324058894284	559111974.691753	483354969.96705294	0.0	0	533210.730258706
528	17.565866060162197	27.732691199926165	651491345.8931704	505434209.234076	0.0	0	621310.5639392572
529	18.40862308042705	26.22748379127349	612560949.5179467	544645035.4007454	0.0	0	584183.6447886912
530	22.01202044926562	32.892497151566566	727792729.5610105	475927303.7191036	0.0	0	694077.2338495355
531	24.614673068749124	36.814336324907885	809087302.773137	479221178.9860568	0.0	0	771605.780385148
532	22.65551315734714	32.88039753864886	747617300.901377	489991943.4560263	0.0	0	712983.4183706066
533	19.09104362404358	28.687284993284283	654146688.9414963	565033351.5615835	0.0	0	623842.8964056933
534	17.813201038794425	26.16428562415642	569048569.8063804	454346843.2861067	0.0	0	542687.005812054
535	13.846168426720444	19.752044058491204	429127248.15176964	454873652.96621466	0.0	0	409247.635032434
536	22.69759767693384	33.40562019458659	769187657.9403176	536703073.878576	0.0	0	733554.5138743569
537	19.67359472897386	29.05540150139501	645968368.8340997	460423595.81309986	0.0	0	616043.4425679204
538	21.6396125155182	32.11773658749721	712096366.1274	470864608.67395645	0.0	0	679108.0151819229
539	18.396894575480214	28.19612915769629	649865201.0346065	545410502.0914221	0.0	0	619759.7513528886
540	18.246792631225095	26.892153284855052	632796700.866894	521772598.7075179	0.0	0	603481.9611233654
541	16.657299485678195	23.40649332817131	517757156.339307	519616713.3256728	0.0	0	493771.7021363326
542	23.300033993762323	34.23695850001643	732740720.5054016	481696112.49093735	0.0	0	698796.0057310116
543	18.752866424803173	29.301290786001903	642487713.4404227	491928822.77655566	0.0	0	612724.0309147098
544	11.496792576136142	16.90873453866806	399565562.23846865	548464502.7895019	0.0	0	381055.4144272506
545	17.413265114171363	26.218940025209708	553668002.1234264	475918753.13418365	0.0	0	528018.9534410728
546	17.83951459677953	27.114958176262032	604271137.4729815	584045698.4848313	0.0	0	576277.8639535728
547	15.304449089581247	23.508821197764295	483782401.0191209	465580913.4985275	0.0	0	461370.8505812844
548	25.744730779436644	39.06425968484651	812364833.9099462	440695946.9310255	0.0	0	774731.4776515444
549	21.482853415958324	32.8603657748159	733954732.5503649	489824729.88067067	0.0	0	699953.7778381013
550	22.981373250043596	34.15213123207454	783504246.5370144	485936120.8630592	0.0	0	747207.8767175814
551	24.055488339047113	34.953899874527046	749176741.0269434	517084368.1976652	0.0	0	714470.6163663325
552	16.946809543408417	26.2189445469013	553999348.575813	545877016.9128219	0.0	0	528334.9500425465
553	17.01476690444022	26.020205215032806	586325521.9898227	520381289.9501071	0.0	0	559163.5913751818
554	23.348541424344866	34.16670987124894	732704079.6504647	499309353.8443235	0.0	0	698761.0622887277
555	11.380739611804643	17.90043786137926	396047973.6015506	510372733.574656	0.0	0	377700.78048853925
556	20.684050794224653	30.434928715426114	629494241.1113172	461690859.93410623	0.0	0	600332.4900735063
557	25.82579200924642	38.01588309783195	789318417.9402292	551186421.7887218	0.0	0	752752.7026560109
558	21.726298569918573	31.938181554079176	726883823.0018196	584677162.2303433	0.0	0	693210.4330080218
559	19.644054494439146	30.177014757941524	667976079.5146008	481456368.0344402	0.0	0	637031.6310068138
560	19.197569381505026	29.94187248069921	722653906.4532789	544598068.2552017	0.0	0	689176.4702351368
561	22.080329090345458	33.68876653766971	694362449.1346554	473504434.08773726	0.0	0	662195.634016662
562	17.46835938313201	26.72525831565647	532398300.78663105	454419696.5408833	0.0	0	507734.58555853943
563	20.859067938044916	31.503152264969668	723251142.1287376	529756117.6594887	0.0	0	689746.0385596635
564	21.418587818341027	31.09140182151314	731596862.7777103	423276843.5474022	0.0	0	697705.1379944901
565	24.741679583653344	37.099044684562415	776160488.5555539	524599974.1908641	0.0	0	740204.3233447585
566	14.63396825486637	22.765101152901913	465198924.0981689	572242610.4848046	0.0	0	443648.26593224413
567	19.08140855249859	29.169805869521294	649427424.0800071	509999611.01985765	0.0	0	619342.2547149726
568	11.96310568488723	18.620228682554778	419899898.9654537	524975512.26131386	0.0	0	400447.74910493265
569	20.11773583705814	31.095776773568293	676038032.1043574	579725492.3331407	0.0	0	644720.1081317497
570	19.325459968944312	29.601758247671558	628806264.6661049	509055612.14987886	0.0	0	599676.3846074151
571	19.316058382089075	30.50938590116373	670910731.4357152	557646617.6553206	0.0	0	639830.3331715725
572	22.31089356378	33.46700789185084	775539622.2149508	523003695.7025389	0.0	0	739612.2190618045
573	10.814343250576751	15.562010649856296	359240442.9457888	536460284.03789705	0.0	0	342598.3838518035
574	22.766044794192805	33.29886620261475	723581542.0191649	545027557.7616973	0.0	0	690061.1324493074
575	18.75939706371795	28.605753194271674	626969344.1574991	489479690.00642157	0.0	0	597924.5606970778
576	24.154684883568983	36.388834525697625	779972687.7210457	537216823.3726108	0.0	0	743839.9197779138
577	18.351793754459838	26.328481762881328	586562700.120496	529343331.38073254	0.0	0	559389.7820668181
578	20.789827978082144	30.98275118369647	675794277.8894042	512242803.24416983	0.0	0	644487.6459974329
579	21.98064567701811	32.472735909231254	735225930.4364791	574422877.5874879	0.0	0	701166.0866131581
580	16.663847988828696	26.616370251972537	629652626.2262368	521979477.9124486	0.0	0	600483.5378897061
581	25.16929815026072	38.167544477839655	855269572.3898237	477029667.44813156	0.0	0	815648.6247919311
582	26.101272495591882	39.56380467695221	784846348.928938	511593238.31775135	0.0	0	748487.8052987455
583	24.36481965888543	36.54838909387385	786879652.8275112	544190262.9428723	0.0	0	750426.9150042639
584	14.809874296313449	22.418530517221086	518561455.30200964	524503107.5285726	0.0	0	494538.74139977427
585	24.788021726719847	36.334602251019824	743113011.8887106	515762102.65499216	0.0	0	708687.7936255556
586	21.88456587658506	33.3932053487179	767691213.8107374	470061347.2970519	0.0	0	732127.3935420392
587	24.378317155079415	37.40997405551031	811745251.0013249	460461051.38761616	0.0	0	774140.5973447084
588	23.75477295130237	34.98421845503042	806809078.789422	499250431.9493904	0.0	0	769433.0966848582
589	18.12769016866221	27.639507738070087	627607640.9280019	554418399.2756529	0.0	0	598533.2879333511
590	24.511901378904923	37.61275699438378	773054989.2202295	483165522.3374826	0.0	0	737242.6883890432
591	14.807068786989227	22.17498685523878	492669121.66550887	470529171.18310946	0.0	0	469845.8878188217
592	13.341610034136668	20.39696848231592	478999640.4013235	477838591.19832176	0.0	0	456809.65461857215
593	21.890109002222303	33.17973051775729	807127892.0714358	517200967.8278468	0.0	0	769737.1407236439
594	21.80235026153814	31.019137953070597	692082642.7523013	458946230.245227	0.0	0	660021.4412234316
595	19.461381120549397	28.98501916252402	682984589.6936316	491842466.8181379	0.0	0	651344.8616920777
596	12.88940043703051	19.80558347616036	466055465.8188539	561067178.396464	0.0	0	444465.12777219206
597	22.35794409687789	34.127390075404975	760802018.5386436	537726782.812405	0.0	0	725557.3449503364
598	23.20564560317428	34.85809883113523	761778067.2038562	497016805.28937584	0.0	0	726488.177493912
599	23.222354157475465	36.09589707748925	853475475.438634	487818845.2384023	0.0	0	813937.6406084386
600	20.292607011569697	30.501354956765393	658906928.6942286	527585998.54238653	0.0	0	628382.6147978103
601	20.999086984646524	30.31558869737518	686771548.4565388	483322705.4623962	0.0	0	654956.3870015513
602	21.272595062461523	31.655821062245725	701814017.8614504	408698055.0496431	0.0	0	669302.0037283425
603	23.589574880849483	35.68545952082196	761328589.5360913	488871125.90911347	0.0	0	726059.5221863664
604	12.431740655876377	18.930377221593886	445270376.07065105	495312021.0327103	0.0	0	424642.9215151319
605	19.07473597438397	28.70402070903424	619350287.8979354	474868570.7396764	0.0	0	590658.4624270777
606	16.8494112009918	25.971078706169752	567061917.0416245	498836728.21805847	0.0	0	540792.386094689
607	14.861092943849377	22.06776196946324	503524302.461063	533639800.1026294	0.0	0	480198.1949434881
608	14.61608658376481	22.392974217882855	470350144.6319666	493402790.04082716	0.0	0	448560.8526534718
609	21.17148408219685	31.718871379605186	700810497.7790372	473389997.8421322	0.0	0	668344.972399747
610	20.99697860741899	31.7754074001534	754745182.4587066	501995272.9626963	0.0	0	719781.0959422175
611	17.75441914762446	26.719624664473628	583988769.5448619	531866176.4254258	0.0	0	556935.0905846234
612	19.387746178410527	29.137262815244725	574214132.5066842	488833963.60573846	0.0	0	547613.2702891199
613	24.168738765239457	35.1334905580326	800554004.094533	571267005.3013319	0.0	0	763467.7926011401
614	20.251662230359823	30.530768678715972	665305503.7072613	509605205.3281393	0.0	0	634484.7714493383
615	15.224070975110775	23.863102261844066	555272624.3308963	591824675.7766267	0.0	0	529549.240427872
616	18.335030010677656	27.778996589622512	642841633.7393819	532191575.8887264	0.0	0	613061.5556138824
617	22.447559971433215	32.59776018973064	676881270.2838306	477215738.7633655	0.0	0	645524.282726126
618	13.378355318699523	20.41464003804389	483444353.0427736	553283627.294461	0.0	0	461048.4629085288
619	16.911610218415422	25.324729016797466	611720792.1018256	546518506.0866457	0.0	0	583382.4082391984
620	23.888514786740725	36.31552598536342	782942885.1075735	501322429.98501194	0.0	0	746672.520740102
621	19.147728214294347	29.225255476107005	666053091.8393325	489001665.07714367	0.0	0	635197.7270501448
622	15.071549889374875	22.256977328666302	515285519.8020008	416216603.2846391	0.0	0	491414.5658512121
623	15.514210340408752	23.96830274667601	564465721.3395749	547822210.7207069	0.0	0	538316.46093328
624	19.623437276127888	29.22619443092107	657014911.0935433	480388067.5316927	0.0	0	626578.246205848
625	25.35438877729497	37.98248339951179	785443544.9559942	479683458.3139453	0.0	0	749057.3358116098
626	18.28611905121403	28.47497649407675	614704306.0518075	535136296.57221794	0.0	0	586227.7088659358
627	21.834773289725664	33.37418288500792	697402850.500242	476251107.6593069	0.0	0	665095.1867105888
628	14.20573865300257	20.6728355085948	454886996.9715183	497996647.99084204	0.0	0	433814.0458789044
629	12.102331247393902	19.002460345304783	412137801.78006595	500181658.23609495	0.0	0	393045.23637777887
630	18.925698078863313	27.842661971830026	560028625.4323469	546317116.3460413	0.0	0	534084.9165271253
631	16.739448192920435	26.06484118481643	590191980.5711753	478870055.63375056	0.0	0	562850.9336196664
632	18.555433307323103	27.88091764266335	618641457.4736979	550859339.4371274	0.0	0	589982.469056795
633	24.350128363714656	36.00529444988668	799612463.2918444	533444160.81582475	0.0	0	762569.8693197676
634	18.822522194492993	28.17714490249006	612914946.6432819	484974988.74957806	0.0	0	584521.2427552051
635	14.68107387355185	22.33979388193666	503474077.2564481	494645166.3735717	0.0	0	480150.2964558106
636	15.840361741952105	24.049691530663157	546404044.5455242	456756440.3488991	0.0	0	521091.50366356305
637	18.06447108115906	27.412043286945785	574689493.5125687	484358642.87869	0.0	0	548066.6098714529
638	22.134965880259436	32.98017096793379	706238595.5302731	505024709.5005825	0.0	0	673521.6098120431
639	19.5160998039402	29.063252836407667	635942975.2415996	512127118.6866318	0.0	0	606482.482186889
640	23.069823879709634	33.68865583572382	705187732.1130279	513465731.6825582	0.0	0	672519.4283609656
641	17.054220028393093	26.45218405986864	562619662.4931238	464732163.6651466	0.0	0	536555.922024845
642	19.884170359937798	30.160826653788792	660299087.4055486	493598513.6776705	0.0	0	629710.2808051577
643	20.018314633258385	30.784264489588253	736339778.7423412	497952423.9966511	0.0	0	702228.3351348318
644	21.38334631110312	31.61734896901556	744921257.5680306	566210826.7469406	0.0	0	710412.2710876755
645	26.204057391277043	38.912774305159346	801462337.1216121	554420050.9484829	0.0	0	764334.046479809
646	25.85679595008326	38.163871493788776	811273565.2543921	516178727.54276156	0.0	0	773690.7627624439
647	16.509551335919646	25.769992139785412	576470777.3802016	541082261.8292859	0.0	0	549765.3745462431
648	21.286386955369853	32.33914790683915	691164677.7909449	541416484.0864333	0.0	0	659146.0016164257
649	18.66567432508829	28.49410253360112	656254370.735515	460408824.8808753	0.0	0	625852.9383998056
650	24.921875341983135	37.84505922565182	820709709.2112617	490548647.3720603	0.0	0	782689.7709000226
651	19.03085499243548	29.1155818399745	654472133.0637571	565500061.2383846	0.0	0	624153.2641065193
652	19.88745360111606	29.193849446529153	671899697.4862005	499639010.2549631	0.0	0	640773.4846937186
653	21.699433867051233	33.496336767193796	812263120.8017555	525311915.88704747	0.0	0	774634.4764726216
654	19.780202094272397	29.29487645635116	631973004.8962262	550860459.461914	0.0	0	602696.4234316122
655	15.432095314866244	24.233218097388498	517793249.3984442	469022684.91903967	0.0	0	493806.12315983215
656	16.619433483629223	26.01836441174706	571346065.4842529	493735804.41394895	0.0	0	544878.0684320951
657	19.512492699536534	27.248798819286442	582427017.3374962	501696959.4239902	0.0	0	555445.687615868
658	21.30193167775276	30.81026445770597	707086021.7875748	447840387.9254406	0.0	0	674329.77846868
659	20.250277965122166	30.853494065711523	705746965.7742352	502289595.7226572	0.0	0	673052.7551405287
660	23.900543789652755	37.070856007161254	828846455.1344585	582852095.770401	0.0	0	790449.5765060984
661	18.016465493700853	27.31403087374731	559877219.8347995	534714016.0771478	0.0	0	533940.5248973841
662	19.888063045315203	30.35479198688229	685347494.5508344	532270540.8928676	0.0	0	653598.3033665031
663	23.91094852861803	37.52255521238264	813814294.1309762	491461019.3020893	0.0	0	776113.7906369932
664	24.098143330966334	35.55426329515624	784013858.8987627	454429376.4728408	0.0	0	747693.8809383037
665	16.67674739534501	24.807130244887443	549594538.6901596	465444018.83002234	0.0	0	524134.19598594605
666	20.520176898163083	31.445606311741976	681759476.2983671	489534045.87876034	0.0	0	650176.5025123284
667	18.476743796302575	27.066433672301052	614970347.6213884	500057952.4263063	0.0	0	586481.4258779415
668	16.187298144001506	24.456724424913485	591259990.4144794	483157480.23249304	0.0	0	563869.4671768947
669	19.25078309255394	28.331701917174524	622636583.5347316	526008340.0429748	0.0	0	593792.5181720081
670	24.431079573963007	36.75384560116463	812516108.6690221	497664185.3106647	0.0	0	774875.7445039958
671	17.238587545622952	26.065345859855196	628495564.0553538	483190645.1745973	0.0	0	599380.0774148499
672	21.999359953297628	33.108083749823976	739380116.1049579	487568508.239187	0.0	0	705127.8267907696
673	23.653133074349018	35.581314275886555	783777083.2905142	480572510.987815	0.0	0	747468.0741219653
674	18.460548251352577	28.308826815930445	640426871.8256453	564388496.3136278	0.0	0	610758.659196515
675	24.61098491743087	36.25270267183928	777584192.1098703	491535458.9476201	0.0	0	741562.072858687
676	22.83110613849499	34.434073433844624	722592048.0268472	527440169.4388052	0.0	0	689117.4774425958
677	20.061311470005325	29.12998750386614	664049760.4398972	512923071.1097937	0.0	0	633287.2013472529
678	18.809256223645633	27.55373780781375	664861069.9416223	558568966.7060752	0.0	0	634060.9263817042
679	21.114472636976664	30.829953602054385	668972129.1112064	523023103.8450446	0.0	0	637981.5379249634
680	20.97732956984846	31.4537362199342	688223198.0434923	443057163.47656703	0.0	0	656340.7879290506
681	18.12689830959842	27.837577032850227	602417106.7477432	474018997.735338	0.0	0	574509.722469085
682	25.331826887249253	36.5013089010644	784710423.6049955	464108038.5217842	0.0	0	748358.1768083532
683	20.144401645271376	30.371177601610945	683379609.6821513	592726535.5246575	0.0	0	651721.5821095953
684	19.939007437421413	30.235053635157282	715570489.7334442	546926480.7358828	0.0	0	682421.1976370275
685	23.344932899885713	35.14704877373035	796716378.2175698	487153723.3357651	0.0	0	759807.9473663039
686	23.824002913940745	36.25901694783443	786291755.5755532	548093425.6299409	0.0	0	749866.2524943857
687	21.981004640416206	32.24489207613929	703833710.9903139	455778032.58267605	0.0	0	671228.1331923614
688	24.267250349349695	37.85487264015885	813736409.0518413	534353981.40335226	0.0	0	776039.5136373909
689	16.331823554398465	24.375074538148304	552741105.5762084	557782915.189341	0.0	0	527134.9960100254
690	20.767483215560727	31.10074083928271	702988696.8832322	458281826.4091997	0.0	0	670422.2649414372
691	24.965361163648282	36.68089708624783	779695351.2641897	463550113.63563037	0.0	0	743575.4311220071
692	22.09626318616377	32.85517004830936	744501336.2882077	499416661.64112306	0.0	0	710011.8029481962
693	22.079928570471022	33.56144762947454	788775565.5614654	532411132.9487079	0.0	0	752234.9982847838
694	12.912816495219847	20.92921034567714	493280192.9168487	513783894.4059433	0.0	0	470428.6507767188
695	18.21194138302722	28.44791820318391	631072808.7037549	535082882.92281157	0.0	0	601837.9294431257
696	15.791215219075745	23.379367443317985	550176462.2365769	512966204.3035134	0.0	0	524689.1615262766
697	19.145687789750863	29.398467960373896	741779843.7643149	463191823.0195717	0.0	0	707416.3854258679
698	16.96916063506305	25.649664899036406	569299711.8826836	470452870.67244107	0.0	0	542926.5135599934
699	21.328297994745455	30.925442834333477	726812711.1805161	495074939.4993655	0.0	0	693142.6154904519
700	18.920854496737007	28.02900120191046	604401082.2611381	490406719.7270686	0.0	0	576401.7889605886
701	23.31962117728905	35.87156718869579	724548145.0346977	490839373.9412942	0.0	0	690982.9569193819
702	25.25384223948717	38.11470607738671	793741406.9532483	507910774.8762693	0.0	0	756970.7936794743
703	16.057795904590094	24.307987369692928	560441974.368895	541241914.2330452	0.0	0	534479.1167916253
704	10.60578330732568	15.968101825142263	413620414.4005264	515429823.72435844	0.0	0	394459.16595509165
705	16.31420139006155	24.61043715327463	605360824.360761	503388477.8823591	0.0	0	577317.0703513729
706	25.611692876440916	37.57371079963143	755770619.8327755	440126693.6166676	0.0	0	720759.0292289499
707	23.944045887323036	37.651590917118426	801650647.4570453	567956833.1691965	0.0	0	764513.6332102254
708	18.962041011946095	29.443614961013438	629061011.0084925	567143075.6223224	0.0	0	599919.3296513486
709	22.932484263725318	36.033151963666235	777936243.3573551	430073918.88904625	0.0	0	741897.8150914717
710	17.62907204229643	25.879763145586768	565751183.3883978	503275765.56162125	0.0	0	539542.3730739573
711	22.662879670640333	33.84413543173492	718085743.0133207	499824138.53303486	0.0	0	684819.9300893028
712	20.672014813549744	31.551785780117328	690241720.3044496	535767804.1872463	0.0	0	658265.80076642
713	24.281258118547953	37.135914679927566	770590370.9980636	501429016.28381824	0.0	0	734892.2452908168
714	24.697082831100385	37.832729644268845	818960829.4753569	505802097.9177976	0.0	0	781021.9092134065
715	21.260025731916905	32.780482803440364	701058447.7961019	493912774.93186027	0.0	0	668581.4359627741
716	24.332224288519445	36.59645004328031	805580767.3273935	524084157.62005013	0.0	0	768261.6875909738
717	11.678360864931468	17.820616758263704	378513800.2295304	474853432.1854483	0.0	0	360978.8896842292
718	24.25114188465814	35.89914958123162	755803913.8644235	497475191.4631921	0.0	0	720790.7808918227
719	16.679077286125935	25.113912808885658	597746088.7407165	561427026.5865186	0.0	0	570055.0925643124
720	20.599322468739402	31.686095618538427	641972917.4269551	510306405.5570506	0.0	0	612233.0831784775
721	19.25713638262756	28.244282387603576	612072733.239177	573348319.6664747	0.0	0	583718.045462777
722	16.681557603646443	24.745830790663888	550642547.3357991	498140679.6835695	0.0	0	525133.6549146642
723	19.66170102999675	29.096790115626405	611920760.9726065	543900413.0209264	0.0	0	583573.113415343
724	16.626723205300483	26.112843460381942	563327069.5396076	521190043.3341801	0.0	0	537230.5579563213
725	16.362007754595247	24.15145993523019	541014880.0102906	557790035.6333749	0.0	0	515951.9958594231
726	23.291398186792144	37.10287937656571	763548532.6107365	502317875.55011946	0.0	0	728176.6248805395
727	11.336643086270676	17.53766570348933	420008431.4498852	546816463.0953335	0.0	0	400551.2537478306
728	21.235225865710152	32.53443963943985	641861924.8756297	465978991.3893833	0.0	0	612127.2324329659
729	17.114510029907947	25.210987988916095	557640781.6889127	529236564.18987626	0.0	0	531807.6912774208
730	17.246638527948157	25.827680382740628	567276225.8305222	419387544.06898504	0.0	0	540996.7668824407
731	26.527814455419716	38.71247920234592	808384468.9574617	490791474.26169497	0.0	0	770935.5058264369
732	21.72369349539708	32.203233104498885	663860404.3321203	458956030.6113037	0.0	0	633106.6172906118
733	24.581129638991708	36.634754998776096	756448519.6308142	472990133.0207651	0.0	0	721405.5248554366
734	23.09163985461082	34.646473371825515	809344051.1294231	431798278.98498815	0.0	0	771850.6346983177
735	22.82484343440637	34.740007873324046	747670278.434872	519744202.7761485	0.0	0	713033.941683647
736	23.254231487333218	33.399736257793656	715252895.7777936	467880918.5394396	0.0	0	682118.3164384782
737	18.559518631703337	27.384098150431477	674088581.7912158	511166952.47668374	0.0	0	642860.9674369962
738	14.364517287095337	21.42758979114551	501821911.4804131	551735829.8537347	0.0	0	478574.6683887608
739	20.581813030053862	31.46620533758123	641641693.9516146	495421264.9593245	0.0	0	611917.2038570541
740	21.872926436177423	32.89438328846274	676468666.1809976	547617233.6181424	0.0	0	645130.7927904112
741	18.366112916815425	29.00766418233643	655072402.856571	426406308.9977956	0.0	0	624725.7259908402
742	23.631446614941662	34.811218606253426	744195887.3017858	455959606.0844993	0.0	0	709720.5040948734
743	22.456014190348924	33.155542532019986	665750319.2620951	493026916.32901335	0.0	0	634908.9806195211
744	17.94142667790449	25.68311349487547	523024507.37562114	452514443.2086677	0.0	0	498795.0395351613
745	19.973550936999306	30.031314861237373	659142669.1230588	519154963.98973316	0.0	0	628607.434390124
746	20.53254158321131	31.03873739302486	688105600.9175562	447241054.86501575	0.0	0	656228.638570362
747	22.674562797095522	33.095278869235194	730057289.411646	472453532.62325513	0.0	0	696236.886417051
748	26.838481359539262	39.48174718974495	790263198.9917918	459960982.1223209	0.0	0	753653.7160795137
749	17.87344231844872	27.353911823863513	576867046.3546963	531294679.09262836	0.0	0	550143.2860896075
750	23.203446217857792	34.588237747451466	760207592.0735015	480301601.0159113	0.0	0	724990.4556975376
751	19.160399365771802	28.414062279337674	625953004.0005773	524099289.75141376	0.0	0	596955.3031926892
752	15.962590522966648	23.55231815292169	509391509.4670386	590770495.9524173	0.0	0	485793.59957412584
753	9.8134515899816	14.15536229434837	343805151.5262405	512776649.53145313	0.0	0	327878.14285873465
754	17.91249856915516	27.176840085793526	581087684.1983237	518800811.95291305	0.0	0	554168.3999999274
755	23.906435402502375	35.75904367402054	759140270.1542035	550946412.0834508	0.0	0	723972.5781957661
756	12.973184766405602	20.348937102093252	484500648.0382341	510323425.2176972	0.0	0	462055.8243162482
757	17.59213243459269	26.901182849581893	580214779.6495078	472631475.10347736	0.0	0	553335.9333510472
758	25.804742109121484	38.38568438892122	837109569.0382755	478967743.55997425	0.0	0	798329.8960097079
759	22.22983933223624	33.845474464543486	715576541.9813855	540323835.6687633	0.0	0	682426.9695104463
760	23.65785260032417	34.69446476509154	763356023.0257895	492724312.9466379	0.0	0	727993.0334337135
761	18.9426985195967	29.202438972101575	578049623.5803949	504338882.5397677	0.0	0	551271.079616923
762	23.080056211161995	33.98431907477773	747192402.9926721	486227750.96474695	0.0	0	712578.20414798
763	17.072490953012856	25.07955896867282	528869677.620469	510368896.10759616	0.0	0	504369.4282726945
764	25.077708486166	37.411544824076394	780914713.6101016	476531950.2838339	0.0	0	744738.3056736959
765	22.510567776974053	35.03210524192573	795605513.2641755	520661001.4722725	0.0	0	758748.5439912564
766	20.083095815319528	31.702266150850363	691885622.2468977	461345286.9671855	0.0	0	659833.5478276227
767	25.341703643251	37.28813916351192	772290992.7374448	521595451.5253972	0.0	0	736514.0845655868
768	20.95845745665524	31.606600264224518	687963133.1138353	470602406.5839837	0.0	0	656092.7706850389
769	15.888071533862204	23.50730894680071	568852081.3624607	532941145.7202726	0.0	0	542499.6198296173
770	22.310128420744903	32.558704041727765	689981519.968926	478347197.05955124	0.0	0	658017.6543893111
771	22.455916203076917	34.45606897491499	763343985.8845348	481207004.8336192	0.0	0	727981.5539212561
772	21.027690589587177	32.27984894180604	671256856.237672	504551998.02601075	0.0	0	640160.4235054705
773	14.460298613343447	22.016837246435088	510773410.9949892	522575990.4843386	0.0	0	487111.4835691349
774	13.636009811828929	20.763742058967686	493821556.0309767	547854731.3178997	0.0	0	470944.9348745125
775	20.802536367311774	32.14346679074605	720490503.9092357	537880258.8965924	0.0	0	687113.2887928347
776	19.38517189756429	30.56200028225517	680176608.2208039	598736319.9777321	0.0	0	648666.961880497
777	20.480792319288764	30.081972112797935	657668668.6737815	507424161.7515704	0.0	0	627201.7180192772
778	13.15329816415319	20.091432124606445	430244100.37340087	512476464.12861836	0.0	0	410312.7483114252
779	24.073477166929596	36.27974384034026	794593467.7792597	485952935.08850205	0.0	0	757783.3822052568
780	13.456325488959836	20.277106353405898	458090776.4770193	522152269.73396105	0.0	0	436869.4081087298
781	15.05998577565369	23.016247998632398	531314847.14197457	526417837.6172169	0.0	0	506701.32364461373
782	20.99300474708602	30.95856412139905	690934100.8351333	528704063.64679426	0.0	0	658926.1062957128
783	23.904017209241278	36.51509314218142	778434992.8252147	549710869.4405804	0.0	0	742373.4596492905
784	21.325631066778865	32.23372826744119	695583742.1591318	484025885.5376032	0.0	0	663360.3498069112
785	12.851336345690777	20.57452875642392	485003837.73700863	498844577.4827739	0.0	0	462535.7034082494
786	16.248950280836162	24.903021530790852	537310984.4759079	515461087.0171264	0.0	0	512419.6858176305
787	21.361190385596096	31.947694304079626	765505310.3230274	495939448.1117575	0.0	0	730042.7535276676
788	10.946563532219487	17.591695820022863	374162971.4771399	494336511.048451	0.0	0	356829.61604799255
789	21.192878843581894	34.25394066890927	700384562.80849	507222658.6148873	0.0	0	667938.7691578771
790	23.744158754781495	35.68399939632895	760045038.2899696	519569615.96488446	0.0	0	724835.4323291486
791	15.662744992060452	23.80373260875909	498555490.401663	487899064.09266835	0.0	0	475459.5664993887
792	25.32386607185616	38.21703605421227	826489001.2304051	510089077.2417163	0.0	0	788201.3332656911
793	26.13654172358978	37.26221182348085	793827521.2323837	525156903.13570267	0.0	0	757052.9186557616
794	24.015296434903988	35.12695265731759	809366514.0254503	541732052.0209258	0.0	0	771872.0569853309
795	22.123312910468417	32.86389646041515	692957563.9041795	523919405.5120799	0.0	0	660855.8310548584
796	21.12018258486355	31.564480066780273	650701670.4820789	499292247.4250262	0.0	0	620557.4707814016
797	20.957847413755484	32.29801656154623	682122450.2702103	476023198.29985386	0.0	0	650522.6614667992
798	21.02822302351587	33.06051690386805	693544508.5677152	484293146.3232547	0.0	0	661415.585105624
799	19.545689802136906	29.274679778972505	638624024.8761301	600913920.9185623	0.0	0	609039.3303643509
800	21.072301200477007	32.34831117111395	688418890.2232001	498359989.5104933	0.0	0	656527.4145347595
801	18.925675232790905	28.86542567341484	603126940.8983235	479231198.6363928	0.0	0	575186.6730674014
802	26.217148936014887	38.53580807101902	802972924.7136383	566377918.5265695	0.0	0	765774.6550690064
803	21.73764474756219	31.768393554687965	717524222.9815485	519582897.13036	0.0	0	684284.422856854
804	18.2974576657779	27.589166468109237	623910213.1348622	425411185.02925193	0.0	0	595007.1460102673
805	16.54769976984865	25.270970950221827	556185117.2140025	503648948.5179543	0.0	0	530419.4614543938
806	22.8571645430675	33.87635925913579	786651408.5237713	538393756.0851756	0.0	0	750209.2442739214
807	16.525494975274206	25.81846759134424	606609502.3894473	504602036.0395304	0.0	0	578507.9025167916
808	24.28507132746326	37.287023061039896	807495377.5872419	492489629.10883886	0.0	0	770087.6022217193
809	22.64273688045374	33.373763226499584	749193720.0329419	493341309.73606247	0.0	0	714486.808808272
810	17.114372608194817	26.21056583749895	580777197.360217	558216219.9410164	0.0	0	553872.2966768426
811	21.495009342753352	32.680342930743265	796115616.550429	523027802.0055243	0.0	0	759235.0163940706
812	15.225504647032812	22.6367364351338	525395709.6461332	455415116.70903265	0.0	0	501056.39423955255
813	17.166655878215114	27.17649327528107	576801333.593084	452913483.95157325	0.0	0	550080.6175165976
814	19.583466080244836	29.585086594168775	645704228.4675314	559522633.417675	0.0	0	615791.5386843979
815	20.15974280915262	29.843574636839282	688318134.9807659	480098152.95572495	0.0	0	656431.326847807
816	25.36097950546396	38.61054764242638	855424050.5674335	514517866.2066407	0.0	0	815795.9466623623
817	22.16012226744594	32.460538258521304	697837544.931139	491354555.2592027	0.0	0	665509.7436248198
818	19.52147393176188	29.44776223277226	689896388.7880346	473588833.78041136	0.0	0	657936.4669685693
819	22.061724734808074	35.91716318775631	818970261.0711313	534985808.7185464	0.0	0	781030.9038840593
820	20.586093263352502	30.47634540379928	677527462.0441941	521528357.1261482	0.0	0	646140.5392114582
821	19.618721303385346	28.854883194097614	628908326.7329177	482081919.6158541	0.0	0	599773.7185792136
822	20.85422416896084	31.3335038400745	649188294.91493	496405290.01168567	0.0	0	619114.2033719348
823	21.501692081543244	33.09220746346133	668227896.6014199	469567939.7144284	0.0	0	637271.7824949457
824	26.987991411595562	39.792245557120474	840311705.9748807	576409207.4484909	0.0	0	801383.6917637642
825	22.668725797656666	33.5654138168043	747855845.1542078	491078786.3757092	0.0	0	713210.9118978578
826	22.023559397606466	33.46720180368045	728144039.231228	444261101.5843364	0.0	0	694412.2688591266
827	18.745949851474037	27.84418520776706	599837121.472026	490378896.4138018	0.0	0	572049.2567749271
828	17.264439322085956	27.048848386293336	563105923.0510671	519944257.6887665	0.0	0	537019.6562300366
829	24.607446909129955	37.3698458777463	805878614.6631956	469052399.22037965	0.0	0	768545.7369453392
830	25.343781056214	38.41922536119128	789605684.4094559	525367325.8458684	0.0	0	753026.6613096767
831	24.204307005350792	36.451205918747235	770476686.507806	533568299.0600078	0.0	0	734783.8273122846
832	23.138897293793274	35.37197351072354	735663436.5953321	518924430.7308125	0.0	0	701583.325000126
833	25.763350550972863	39.64116539636414	816466484.40959	539310942.4283466	0.0	0	778643.1163879301
834	27.880195819566495	41.4635860918938	777730140.2033753	481048079.2378991	0.0	0	741701.2598069911
835	18.566678306155794	27.71960225905157	605188482.8936511	466659097.1324204	0.0	0	577152.7127205379
836	19.918228681086585	31.281981223819237	706381713.164849	537302819.2254672	0.0	0	673658.0974243628
837	25.001952234280616	37.4968371730792	820235114.2560829	455343139.7124206	0.0	0	782237.1618805726
838	21.828046628699056	33.23020595422268	703069052.8523242	449676699.3921802	0.0	0	670498.8983653296
839	17.464374817427952	27.136915351337997	587557846.4394946	477655616.0059312	0.0	0	560338.8275523135
840	18.494480152262934	28.52455056051484	630816111.7914028	506865618.70143807	0.0	0	601593.1241907147
841	18.067646361128947	27.764447383317528	583387832.998292	443266882.6654424	0.0	0	556361.9928343695
842	20.712842631969153	31.831868438765618	760562921.879066	537679108.6779017	0.0	0	725329.3246069582
843	22.11764734122419	33.306575957982545	690395088.7386141	535478604.92790884	0.0	0	658412.0643030298
844	21.988774181344024	32.97540603604536	769015047.4363353	494492145.03014004	0.0	0	733389.8996699668
845	22.031085561423026	31.81460434700164	724717174.2375009	539261194.3348237	0.0	0	691144.155728818
846	18.05445601834341	26.134663178053422	600367203.0841203	523316842.220402	0.0	0	572554.7819939808
847	22.511290504347386	33.75913401534481	761414165.8199489	504532440.952834	0.0	0	726141.134090375
848	21.09000630594902	31.867196770503618	779627817.4296446	528884706.21597195	0.0	0	743511.025838513
849	19.586395813550087	31.104926790960583	776383469.7662518	505882273.3267767	0.0	0	740416.9747984424
850	20.670453400318586	31.74393658556569	692257926.5255315	506963168.9599519	0.0	0	660188.604856044
851	21.35651573638298	31.603807425228503	708066323.5423418	521147816.3186992	0.0	0	675264.6670745296
852	21.836518090202034	33.17429096216287	716378618.2008724	537572725.2428775	0.0	0	683191.8890007711
853	17.32106665414199	25.54807558160273	564073780.6714351	529654195.8446515	0.0	0	537942.6771845196
854	17.533996370403006	25.372600998049737	559482849.1286621	516215193.23200834	0.0	0	533564.423683798
855	19.74150541068632	28.75508550752102	664278399.318823	515657053.3984755	0.0	0	633505.248373817
856	20.193977881967047	30.846089651851596	717735927.8556266	557633136.7634072	0.0	0	684486.3203579203
857	15.238666564962733	24.187200108849026	571346737.2057127	503200044.2631565	0.0	0	544878.7090355996
858	21.901163167057465	32.65989151082053	715974829.310298	524587174.0473327	0.0	0	682806.80590658
859	12.092834130797188	17.09298423583258	401981148.3225161	511223329.5348784	0.0	0	383359.0968346748
860	20.992098828846814	31.80842885276185	819097760.3305569	451456555.72362643	0.0	0	781152.4966531341
861	16.219683451163565	23.964675081452075	584287395.206744	528237424.909924	0.0	0	557219.8822085802
862	22.558814677960783	33.74109110396223	729362837.6595871	560078009.701362	0.0	0	695574.6056171297
863	15.016840694065234	22.25350652871882	569372130.8652533	414351213.1083995	0.0	0	542995.5776836906
864	14.229440166290473	21.370674733521085	489913770.4095549	480148593.7583037	0.0	0	467218.180093341
865	23.541816467925432	34.984430075578	771888881.146904	479747373.8286837	0.0	0	736130.6010693585
866	19.067594108777733	28.815752615352952	792862307.9570267	548083050.6343505	0.0	0	756132.419545199
867	20.1036844385032	31.62724988225376	712352834.2803013	525469853.50831056	0.0	0	679352.6022723212
868	22.83354905538639	36.1657724323555	775792755.20454	461331252.67334306	0.0	0	739853.6254926107
869	21.62708357340027	32.264691933075675	722064797.108156	504170056.8630625	0.0	0	688614.6517831383
870	21.434967394657516	32.47485306280874	794050414.9912657	543943424.3015084	0.0	0	757265.4867088948
871	20.89027129555525	31.24019705128871	767616223.6280403	500772249.18149734	0.0	0	732055.8773308184
872	21.371069702922163	31.845599296007272	818365571.8511194	469459163.45846766	0.0	0	780454.2273055261
873	19.459094299603535	29.912845845709953	667967173.144748	536082751.4104182	0.0	0	637023.1372306328
874	17.0293114942695	25.881188684135118	667654153.8464587	524946836.80604345	0.0	0	636724.6187653149
875	19.17923946712266	28.250401669763253	820251722.6990063	448335934.69407904	0.0	0	782253.0009260239
876	15.032253992909874	23.971503529913022	577200356.9514112	519056807.4681256	0.0	0	550461.1558450805
877	15.949648956959862	23.685031427952673	620384978.8069816	481988585.48530334	0.0	0	591645.2205724542
878	13.304031497178428	20.294595592175234	504973179.29414666	517373988.01814485	0.0	0	481579.951566836
879	16.67447571392154	23.181100372976307	509968532.66240215	506092038.36546046	0.0	0	486343.8917755147
880	14.920275710086223	23.205462052585812	733347463.3614448	518900003.4883662	0.0	0	699374.6408094835
881	22.353650955271082	34.05662304705089	805584131.1428083	469600784.9005157	0.0	0	768264.8955753408
882	20.363192885706848	30.195638058511584	680478678.6913178	545858642.6882875	0.0	0	648955.0387299705
883	19.978529211948775	30.279914841233804	744656807.847107	500644669.1424272	0.0	0	710160.07218085
884	21.636977030450538	32.9809668105701	781973829.3997898	464376156.3280843	0.0	0	745748.3572004217
885	20.50339832395656	29.25926142289165	688769812.2143387	449034130.13047236	0.0	0	656862.0798247703
886	19.28846069501815	28.749525427731353	654754422.704935	527855727.4792861	0.0	0	624422.4764870977
887	18.270148137953232	26.692334060303462	706835354.4278039	501791409.0130303	0.0	0	674090.7234457055
888	21.05766247121647	32.28098099732268	733261062.084279	585944809.6232301	0.0	0	699292.2421305456
889	24.681468328057253	36.30130118249494	822671736.4155968	528639571.2828108	0.0	0	784560.9058528868
890	16.11322381801314	23.43742378864595	554997245.1896491	515759587.69635296	0.0	0	529286.6184135905
891	10.81524993535801	16.52393219001753	386521302.31925297	533052097.24987555	0.0	0	368615.438765767
892	22.58454646698844	33.04498544938705	708659353.2173283	531593020.81718236	0.0	0	675830.2242444308
893	18.56774303132954	28.172095368840107	635359014.6539131	503137832.98826313	0.0	0	605925.5739726193
894	20.58882148892399	31.302370158636897	749539813.151056	484614851.51931256	0.0	0	714816.8689261018
895	19.051621813072803	29.55303231082482	682047550.7398939	514966534.8023283	0.0	0	650451.2317084256
896	19.602630852767476	28.5102246655064	650021092.5030245	505654064.6348428	0.0	0	619908.4210424654
897	22.98012052636844	33.60052501784393	824353962.145676	533287570.0906935	0.0	0	786165.2013260615
898	22.094172024213083	34.298786098168996	741181317.4638796	488555627.92558974	0.0	0	706845.5862654492
899	22.405931616305764	33.43523950874624	720178294.3820845	470958031.9007961	0.0	0	686815.5425854534
900	13.659539958974193	19.469258952944635	474835620.7890237	610405708.3656447	0.0	0	452838.53606130945
901	20.186768917805935	29.62276143643662	642623747.4374825	451946687.12109256	0.0	0	612853.7630438633
902	20.477304710964514	30.693109723032663	693997699.6706603	530395956.7408513	0.0	0	661847.7818209269
903	20.98524726310713	31.063414708888804	640201129.770098	528462669.4592232	0.0	0	610543.374796007
904	18.87965940842006	28.32744692152047	591333993.6377295	499098996.142323	0.0	0	563940.0421502395
905	23.51218240141788	35.766615774729736	842722212.0435278	555927133.9249356	0.0	0	803682.5294909743
906	22.15224265992418	33.86671617791481	732404776.8416879	506433292.6032713	0.0	0	698475.6248871689
907	23.473036537292053	34.60680657053514	747305447.5579762	546533023.0056772	0.0	0	712686.0118465202
908	26.57572455341243	40.05987842318803	862062796.0489396	508209409.65162265	0.0	0	822127.1477212328
909	19.111188027826753	28.308965263579005	607178185.0168849	456141593.9925226	0.0	0	579050.2405327653
910	21.456534712760448	31.96709290205237	721370799.0272866	510634187.28678054	0.0	0	687952.803637778
911	21.485430113778364	32.814082283554555	723338806.1708354	559457307.6909173	0.0	0	689829.6415050843
912	22.066741841055585	33.60437445570172	768316207.2713201	441235054.1228658	0.0	0	732723.4337533189
913	22.573423880513772	33.45053540597065	748055873.3107588	540393622.5204684	0.0	0	713401.6736133184
914	24.02195655952169	36.09012397287899	786318772.7507099	557895112.0406127	0.0	0	749892.0180804346
915	21.292512651158138	32.95289529590935	709077016.6923996	537837885.2013111	0.0	0	676228.5391735072
916	17.229650623746576	24.829521242559725	519094064.1806574	474690565.8530398	0.0	0	495046.6768080306
917	19.377726263595616	29.74900872594155	681099989.4765083	537256985.0528815	0.0	0	649547.5668683129
918	26.97644557532554	40.57341444015943	912259294.9594971	581765391.5451696	0.0	0	869998.2595057457
919	20.7450404357981	32.81507843805324	667164083.5503135	490421803.1312803	0.0	0	636257.2513106475
920	21.35748938905093	31.16057381799124	698594931.0868434	570951028.9360327	0.0	0	666232.0433491172
921	21.189029437339034	32.88966489145143	728793781.725578	531324390.8312613	0.0	0	695031.9115882663
922	21.14457180409983	30.565614316333985	665217419.8398404	495615600.6664121	0.0	0	634400.7681272893
923	15.063622996789938	22.576897871141234	445898789.0351056	512156987.6136318	0.0	0	425242.22281942924
924	22.33878162231899	34.15922594256083	738866463.4960741	482622739.0976657	0.0	0	704637.9694901218
925	12.842633907486247	20.388403840324642	517123534.7993478	468606664.2531553	0.0	0	493167.4335473515
926	24.712313943987148	38.10009305421108	808310769.4773607	483347782.5344391	0.0	0	770865.220525132
927	20.826467117763514	30.58725455701324	639727364.2310507	528763491.0037496	0.0	0	610091.5567694193
928	20.964855941480067	32.832237845002794	755152628.7659749	498000990.39581555	0.0	0	720169.667020774
929	21.96579913513684	32.64683865572245	705030440.6807448	602127438.9944952	0.0	0	672369.4235618063
930	22.653570831665107	34.32686320239607	732413403.5067415	574693357.1427338	0.0	0	698483.8519160661
931	18.8657732658509	28.515818761683725	626522245.8165715	448289830.05338985	0.0	0	597498.1744924269
932	18.901427094061507	28.952566278310236	718408075.313927	498312840.70744175	0.0	0	685127.3301257394
933	18.96586292081598	28.16658030058853	626285894.7247097	534418896.5659357	0.0	0	597272.7725264643
934	23.036073773357693	33.43227731621682	662101551.2634736	504106045.5980488	0.0	0	631429.2442927109
935	19.065366297944934	28.791657838269323	686587640.6048169	488790431.9386674	0.0	0	654780.9988067789
936	20.00769084291335	30.60744033415602	681691831.7247826	559549060.44191	0.0	0	650111.9916198563
937	21.39062581086959	32.063536009040085	734731438.6589917	571485186.228399	0.0	0	700694.5025052949
938	23.84607039511067	35.668308191767025	816415486.8177762	508810667.6420762	0.0	0	778594.4812944185
